323 1631554428 0,000000 0,000000 -101,000000 0,000000 0,000000
323 1631554429 0,000000 0,000000 -101,000000 0,000000 0,000000
323 1631554430 0,000000 0,000000 -101,000000 0,000000 0,000000
323 1631554431 0,000000 0,000000 -101,000000 0,000000 0,000000
323 1631554432 6,000000 0,200000 1,200000 1,200000 -20,200000
323 1631554433 6,000000 0,200000 2,400000 2,400000 -20,200000
323 1631554434 6,000000 0,200000 3,600000 3,600000 -20,200000
323 1631554435 6,000000 0,200000 4,800000 4,800000 -20,200000
323 1631554436 6,000000 0,200000 6,000000 6,000000 -20,200000
323 1631554437 2,000000 0,400000 6,800000 6,800000 -20,200000
323 1631554438 2,000000 0,400000 7,600000 7,600000 -20,200000
323 1631554439 2,000000 0,400000 8,400000 8,400000 -20,200000
323 1631554440 2,000000 0,400000 9,200000 9,200000 -20,200000
323 1631554441 2,000000 0,400000 10,000000 10,000000 -20,200000
323 1631554442 0,200000 1,000000 10,200000 10,200000 -20,200000
323 1631554443 0,200000 1,000000 10,400000 10,400000 -20,200000
323 1631554444 0,200000 1,000000 10,600000 10,600000 -20,200000
323 1631554445 0,200000 1,000000 10,800000 10,800000 -20,200000
323 1631554446 0,200000 1,000000 11,000000 11,000000 -20,200000
323 1631554447 0,875000 1,600000 12,400000 12,400000 -20,200000
323 1631554448 0,875000 1,600000 13,800000 13,800000 -20,200000
323 1631554449 0,875000 1,600000 15,200000 15,200000 -20,200000
323 1631554450 0,875000 1,600000 16,600000 16,600000 -20,200000
323 1631554451 0,875000 1,600000 18,000000 18,000000 -20,200000
323 1631554452 -0,181818 2,200000 17,600000 17,600000 -20,200000
323 1631554453 -0,181818 2,200000 17,200000 17,200000 -20,200000
323 1631554454 -0,181818 2,200000 16,800000 16,800000 -20,200000
323 1631554455 -0,181818 2,200000 16,400000 16,400000 -20,200000
323 1631554456 -0,181818 2,200000 16,000000 16,000000 -20,200000
323 1631554457 0,071429 2,800000 16,200000 16,200000 -20,200000
323 1631554458 0,071429 2,800000 16,400000 16,400000 -20,200000
323 1631554459 0,071429 2,800000 16,600000 16,600000 -20,200000
323 1631554460 0,071429 2,800000 16,800000 16,800000 -20,200000
323 1631554461 0,071429 2,800000 17,000000 17,000000 -20,200000
323 1631554462 0,368421 3,800000 18,400000 18,400000 -20,200000
323 1631554463 0,368421 3,800000 19,800000 19,800000 -20,200000
323 1631554464 0,368421 3,800000 21,200000 21,200000 -20,200000
323 1631554465 0,368421 3,800000 22,600000 22,600000 -20,200000
323 1631554466 0,368421 3,800000 24,000000 24,000000 -20,200000
323 1631554467 0,000000 5,000000 24,000000 24,000000 -20,200000
323 1631554468 0,000000 5,000000 24,000000 24,000000 -20,200000
323 1631554469 0,000000 5,000000 24,000000 24,000000 -20,200000
323 1631554470 0,000000 5,000000 24,000000 24,000000 -20,200000
323 1631554471 0,000000 5,000000 24,000000 24,000000 -20,200000
323 1631554472 0,266667 6,000000 25,600000 25,600000 -20,200000
323 1631554473 0,266667 6,000000 27,200000 27,200000 -20,200000
323 1631554474 0,266667 6,000000 28,800000 28,800000 -20,200000
323 1631554475 0,266667 6,000000 30,400000 30,400000 -20,200000
323 1631554476 0,266667 6,000000 32,000000 32,000000 -20,200000
323 1631554477 -0,108108 7,400000 31,200000 31,200000 -20,200000
323 1631554478 -0,108108 7,400000 30,400000 30,400000 -20,200000
323 1631554479 -0,108108 7,400000 29,600000 29,600000 -20,200000
323 1631554480 -0,108108 7,400000 28,800000 28,800000 -20,200000
323 1631554481 -0,108108 7,400000 28,000000 28,000000 -20,200000
323 1631554482 0,250000 8,000000 30,000000 30,000000 -20,200000
323 1631554483 0,250000 8,000000 32,000000 32,000000 -20,200000
323 1631554484 0,250000 8,000000 34,000000 34,000000 -20,200000
323 1631554485 0,250000 8,000000 36,000000 36,000000 -20,200000
323 1631554486 0,250000 8,000000 38,000000 38,000000 -20,200000
323 1631554487 0,187500 9,600000 39,800000 39,800000 -20,200000
323 1631554488 0,187500 9,600000 41,600000 41,600000 -20,200000
323 1631554489 0,187500 9,600000 43,400000 43,400000 -20,200000
323 1631554490 0,187500 9,600000 45,200000 45,200000 -20,200000
323 1631554491 0,187500 9,600000 47,000000 47,000000 -20,200000
323 1631554492 -0,074074 10,800000 46,200000 46,200000 -20,200000
323 1631554493 -0,074074 10,800000 45,400000 45,400000 -20,200000
323 1631554494 -0,074074 10,800000 44,600000 44,600000 -20,200000
323 1631554495 -0,074074 10,800000 43,800000 43,800000 -20,200000
323 1631554496 -0,074074 10,800000 43,000000 43,000000 -20,200000
323 1631554497 -0,234375 12,800000 40,000000 40,000000 -20,200000
323 1631554498 -0,234375 12,800000 37,000000 37,000000 -20,200000
323 1631554499 -0,234375 12,800000 34,000000 34,000000 -20,200000
323 1631554500 -0,234375 12,800000 31,000000 31,000000 -20,200000
323 1631554501 -0,234375 12,800000 28,000000 28,000000 -20,200000
323 1631554502 0,115942 13,800000 29,600000 29,600000 -20,200000
323 1631554503 0,115942 13,800000 31,200000 31,200000 -20,200000
323 1631554504 0,115942 13,800000 32,800000 32,800000 -20,200000
323 1631554505 0,115942 13,800000 34,400000 34,400000 -20,200000
323 1631554506 0,115942 13,800000 36,000000 36,000000 -20,200000
323 1631554507 0,054054 14,800000 36,800000 36,800000 -20,200000
323 1631554508 0,054054 14,800000 37,600000 37,600000 -20,200000
323 1631554509 0,054054 14,800000 38,400000 38,400000 -20,200000
323 1631554510 0,054054 14,800000 39,200000 39,200000 -20,200000
323 1631554511 0,054054 14,800000 40,000000 40,000000 -20,200000
323 1631554512 0,000000 16,200000 40,000000 40,000000 -20,200000
323 1631554513 0,000000 16,200000 40,000000 40,000000 -20,200000
323 1631554514 0,000000 16,200000 40,000000 40,000000 -20,200000
323 1631554515 0,000000 16,200000 40,000000 40,000000 -20,200000
323 1631554516 0,000000 16,200000 40,000000 40,000000 -20,200000
323 1631554517 -0,045455 17,600000 39,200000 39,200000 -20,200000
323 1631554518 -0,045455 17,600000 38,400000 38,400000 -20,200000
323 1631554519 -0,045455 17,600000 37,600000 37,600000 -20,200000
323 1631554520 -0,045455 17,600000 36,800000 36,800000 -20,200000
323 1631554521 -0,045455 17,600000 36,000000 36,000000 -20,200000
323 1631554522 -0,020619 19,400000 35,600000 35,600000 -20,200000
323 1631554523 -0,020619 19,400000 35,200000 35,200000 -20,200000
323 1631554524 -0,020619 19,400000 34,800000 34,800000 -20,200000
323 1631554525 -0,020619 19,400000 34,400000 34,400000 -20,200000
323 1631554526 -0,020619 19,400000 34,000000 34,000000 -20,200000
323 1631554527 0,019048 21,000000 34,400000 34,400000 -20,200000
323 1631554528 0,019048 21,000000 34,800000 34,800000 -20,200000
323 1631554529 0,019048 21,000000 35,200000 35,200000 -20,200000
323 1631554530 0,019048 21,000000 35,600000 35,600000 -20,200000
323 1631554531 0,019048 21,000000 36,000000 36,000000 -20,200000
323 1631554532 0,018018 22,200000 36,400000 36,400000 -20,200000
323 1631554533 0,018018 22,200000 36,800000 36,800000 -20,200000
323 1631554534 0,018018 22,200000 37,200000 37,200000 -20,200000
323 1631554535 0,018018 22,200000 37,600000 37,600000 -20,200000
323 1631554536 0,018018 22,200000 38,000000 38,000000 -20,200000
323 1631554537 0,026087 23,000000 38,600000 38,600000 -20,200000
323 1631554538 0,026087 23,000000 39,200000 39,200000 -20,200000
323 1631554539 0,026087 23,000000 39,800000 39,800000 -20,200000
323 1631554540 0,026087 23,000000 40,400000 40,400000 -20,200000
323 1631554541 0,026087 23,000000 41,000000 41,000000 -20,200000
323 1631554542 -0,057377 24,400000 39,600000 39,600000 -20,200000
323 1631554543 -0,057377 24,400000 38,200000 38,200000 -20,200000
323 1631554544 -0,057377 24,400000 36,800000 36,800000 -20,200000
323 1631554545 -0,057377 24,400000 35,400000 35,400000 -20,200000
323 1631554546 -0,057377 24,400000 34,000000 34,000000 -20,200000
323 1631554547 0,015385 26,000000 34,400000 34,400000 -20,200000
323 1631554548 0,015385 26,000000 34,800000 34,800000 -20,200000
323 1631554549 0,015385 26,000000 35,200000 35,200000 -20,200000
323 1631554550 0,015385 26,000000 35,600000 35,600000 -20,200000
323 1631554551 0,015385 26,000000 36,000000 36,000000 -20,200000
323 1631554552 -0,021739 27,600000 35,400000 35,400000 -20,200000
323 1631554553 -0,021739 27,600000 34,800000 34,800000 -20,200000
323 1631554554 -0,021739 27,600000 34,200000 34,200000 -20,200000
323 1631554555 -0,021739 27,600000 33,600000 33,600000 -20,200000
323 1631554556 -0,021739 27,600000 33,000000 33,000000 -20,200000
323 1631554557 0,055556 28,800000 34,600000 34,600000 -20,200000
323 1631554558 0,055556 28,800000 36,200000 36,200000 -20,200000
323 1631554559 0,055556 28,800000 37,800000 37,800000 -20,200000
323 1631554560 0,055556 28,800000 39,400000 39,400000 -20,200000
323 1631554561 0,055556 28,800000 41,000000 41,000000 -20,200000
323 1631554562 -0,046053 30,400000 39,600000 39,600000 -20,200000
323 1631554563 -0,046053 30,400000 38,200000 38,200000 -20,200000
323 1631554564 -0,046053 30,400000 36,800000 36,800000 -20,200000
323 1631554565 -0,046053 30,400000 35,400000 35,400000 -20,200000
323 1631554566 -0,046053 30,400000 34,000000 34,000000 -20,200000
323 1631554567 -0,006494 30,800000 33,800000 33,800000 -20,200000
323 1631554568 -0,006494 30,800000 33,600000 33,600000 -20,200000
323 1631554569 -0,006494 30,800000 33,400000 33,400000 -20,200000
323 1631554570 -0,006494 30,800000 33,200000 33,200000 -20,200000
323 1631554571 -0,006494 30,800000 33,000000 33,000000 -20,200000
323 1631554572 0,030675 32,600000 34,000000 34,000000 -20,200000
323 1631554573 0,030675 32,600000 35,000000 35,000000 -20,200000
323 1631554574 0,030675 32,600000 36,000000 36,000000 -20,200000
323 1631554575 0,030675 32,600000 37,000000 37,000000 -20,200000
323 1631554576 0,030675 32,600000 38,000000 38,000000 -20,200000
323 1631554577 0,023529 34,000000 38,800000 38,800000 -20,200000
323 1631554578 0,023529 34,000000 39,600000 39,600000 -20,200000
323 1631554579 0,023529 34,000000 40,400000 40,400000 -20,200000
323 1631554580 0,023529 34,000000 41,200000 41,200000 -20,200000
323 1631554581 0,023529 34,000000 42,000000 42,000000 -20,200000
323 1631554582 -0,022472 35,600000 41,200000 41,200000 -20,200000
323 1631554583 -0,022472 35,600000 40,400000 40,400000 -20,200000
323 1631554584 -0,022472 35,600000 39,600000 39,600000 -20,200000
323 1631554585 -0,022472 35,600000 38,800000 38,800000 -20,200000
323 1631554586 -0,022472 35,600000 38,000000 38,000000 -20,200000
323 1631554587 -0,021622 37,000000 37,200000 37,200000 -20,200000
323 1631554588 -0,021622 37,000000 36,400000 36,400000 -20,200000
323 1631554589 -0,021622 37,000000 35,600000 35,600000 -20,200000
323 1631554590 -0,021622 37,000000 34,800000 34,800000 -20,200000
323 1631554591 -0,021622 37,000000 34,000000 34,000000 -20,200000
323 1631554592 0,000000 37,800000 34,000000 34,000000 -20,200000
323 1631554593 0,000000 37,800000 34,000000 34,000000 -20,200000
323 1631554594 0,000000 37,800000 34,000000 34,000000 -20,200000
323 1631554595 0,000000 37,800000 34,000000 34,000000 -20,200000
323 1631554596 0,000000 37,800000 34,000000 34,000000 -20,200000
323 1631554597 0,030151 39,800000 35,200000 35,200000 -20,200000
323 1631554598 0,030151 39,800000 36,400000 36,400000 -20,200000
323 1631554599 0,030151 39,800000 37,600000 37,600000 -20,200000
323 1631554600 0,030151 39,800000 38,800000 38,800000 -20,200000
323 1631554601 0,030151 39,800000 40,000000 40,000000 -20,200000
323 1631554602 0,039409 40,600000 41,600000 41,600000 -20,200000
323 1631554603 0,039409 40,600000 43,200000 43,200000 -20,200000
323 1631554604 0,039409 40,600000 44,800000 44,800000 -20,200000
323 1631554605 0,039409 40,600000 46,400000 46,400000 -20,200000
323 1631554606 0,039409 40,600000 48,000000 48,000000 -20,200000
323 1631554607 -0,079812 42,600000 44,600000 44,600000 -20,200000
323 1631554608 -0,079812 42,600000 41,200000 41,200000 -20,200000
323 1631554609 -0,079812 42,600000 37,800000 37,800000 -20,200000
323 1631554610 -0,079812 42,600000 34,400000 34,400000 -20,200000
323 1631554611 -0,079812 42,600000 31,000000 31,000000 -20,200000
323 1631554612 0,009091 44,000000 31,400000 31,400000 -20,200000
323 1631554613 0,009091 44,000000 31,800000 31,800000 -20,200000
323 1631554614 0,009091 44,000000 32,200000 32,200000 -20,200000
323 1631554615 0,009091 44,000000 32,600000 32,600000 -20,200000
323 1631554616 0,009091 44,000000 33,000000 33,000000 -20,200000
323 1631554617 0,000000 45,000000 33,000000 33,000000 -20,200000
323 1631554618 0,000000 45,000000 33,000000 33,000000 -20,200000
323 1631554619 0,000000 45,000000 33,000000 33,000000 -20,200000
323 1631554620 0,000000 45,000000 33,000000 33,000000 -20,200000
323 1631554621 0,000000 45,000000 33,000000 33,000000 -20,200000
323 1631554622 0,043478 46,000000 35,000000 35,000000 -20,200000
323 1631554623 0,043478 46,000000 37,000000 37,000000 -20,200000
323 1631554624 0,043478 46,000000 39,000000 39,000000 -20,200000
323 1631554625 0,043478 46,000000 41,000000 41,000000 -20,200000
323 1631554626 0,043478 46,000000 43,000000 43,000000 -20,200000
323 1631554627 0,008475 47,200000 43,400000 43,400000 -20,200000
323 1631554628 0,008475 47,200000 43,800000 43,800000 -20,200000
323 1631554629 0,008475 47,200000 44,200000 44,200000 -20,200000
323 1631554630 0,008475 47,200000 44,600000 44,600000 -20,200000
323 1631554631 0,008475 47,200000 45,000000 45,000000 -20,200000
323 1631554632 -0,016461 48,600000 44,200000 44,200000 -20,200000
323 1631554633 -0,016461 48,600000 43,400000 43,400000 -20,200000
323 1631554634 -0,016461 48,600000 42,600000 42,600000 -20,200000
323 1631554635 -0,016461 48,600000 41,800000 41,800000 -20,200000
323 1631554636 -0,016461 48,600000 41,000000 41,000000 -20,200000
323 1631554637 -0,051793 50,200000 38,400000 38,400000 -20,200000
323 1631554638 -0,051793 50,200000 35,800000 35,800000 -20,200000
323 1631554639 -0,051793 50,200000 33,200000 33,200000 -20,200000
323 1631554640 -0,051793 50,200000 30,600000 30,600000 -20,200000
323 1631554641 -0,051793 50,200000 28,000000 28,000000 -20,200000
323 1631554642 0,058140 51,600000 31,000000 31,000000 -20,200000
323 1631554643 0,058140 51,600000 34,000000 34,000000 -20,200000
323 1631554644 0,058140 51,600000 37,000000 37,000000 -20,200000
323 1631554645 0,058140 51,600000 40,000000 40,000000 -20,200000
323 1631554646 0,058140 51,600000 43,000000 43,000000 -20,200000
323 1631554647 -0,015094 53,000000 42,200000 42,200000 -20,200000
323 1631554648 -0,015094 53,000000 41,400000 41,400000 -20,200000
323 1631554649 -0,015094 53,000000 40,600000 40,600000 -20,200000
323 1631554650 -0,015094 53,000000 39,800000 39,800000 -20,200000
323 1631554651 -0,015094 53,000000 39,000000 39,000000 -20,200000
323 1631554652 0,011111 54,000000 39,600000 39,600000 -20,200000
323 1631554653 0,011111 54,000000 40,200000 40,200000 -20,200000
323 1631554654 0,011111 54,000000 40,800000 40,800000 -20,200000
323 1631554655 0,011111 54,000000 41,400000 41,400000 -20,200000
323 1631554656 0,011111 54,000000 42,000000 42,000000 -20,200000
323 1631554657 -0,028777 55,600000 40,400000 40,400000 -20,200000
323 1631554658 -0,028777 55,600000 38,800000 38,800000 -20,200000
323 1631554659 -0,028777 55,600000 37,200000 37,200000 -20,200000
323 1631554660 -0,028777 55,600000 35,600000 35,600000 -20,200000
323 1631554661 -0,028777 55,600000 34,000000 34,000000 -20,200000
323 1631554662 0,014035 57,000000 34,800000 34,800000 -20,200000
323 1631554663 0,014035 57,000000 35,600000 35,600000 -20,200000
323 1631554664 0,014035 57,000000 36,400000 36,400000 -20,200000
323 1631554665 0,014035 57,000000 37,200000 37,200000 -20,200000
323 1631554666 0,014035 57,000000 38,000000 38,000000 -20,200000
323 1631554667 -0,003401 58,800000 37,800000 37,800000 -20,200000
323 1631554668 -0,003401 58,800000 37,600000 37,600000 -20,200000
323 1631554669 -0,003401 58,800000 37,400000 37,400000 -20,200000
323 1631554670 -0,003401 58,800000 37,200000 37,200000 -20,200000
323 1631554671 -0,003401 58,800000 37,000000 37,000000 -20,200000
323 1631554672 0,006667 60,000000 37,400000 37,400000 -20,200000
323 1631554673 0,006667 60,000000 37,800000 37,800000 -20,200000
323 1631554674 0,006667 60,000000 38,200000 38,200000 -20,200000
323 1631554675 0,006667 60,000000 38,600000 38,600000 -20,200000
323 1631554676 0,006667 60,000000 39,000000 39,000000 -20,200000
323 1631554677 -0,006557 61,000000 38,600000 38,600000 -20,200000
323 1631554678 -0,006557 61,000000 38,200000 38,200000 -20,200000
323 1631554679 -0,006557 61,000000 37,800000 37,800000 -20,200000
323 1631554680 -0,006557 61,000000 37,400000 37,400000 -20,200000
323 1631554681 -0,006557 61,000000 37,000000 37,000000 -20,200000
323 1631554682 -0,015974 62,600000 36,000000 36,000000 -20,200000
323 1631554683 -0,015974 62,600000 35,000000 35,000000 -20,200000
323 1631554684 -0,015974 62,600000 34,000000 34,000000 -20,200000
323 1631554685 -0,015974 62,600000 33,000000 33,000000 -20,200000
323 1631554686 -0,015974 62,600000 32,000000 32,000000 -20,200000
323 1631554687 0,025316 63,200000 33,600000 33,600000 -20,200000
323 1631554688 0,025316 63,200000 35,200000 35,200000 -20,200000
323 1631554689 0,025316 63,200000 36,800000 36,800000 -20,200000
323 1631554690 0,025316 63,200000 38,400000 38,400000 -20,200000
323 1631554691 0,025316 63,200000 40,000000 40,000000 -20,200000
323 1631554692 -0,012232 65,400000 39,200000 39,200000 -20,200000
323 1631554693 -0,012232 65,400000 38,400000 38,400000 -20,200000
323 1631554694 -0,012232 65,400000 37,600000 37,600000 -20,200000
323 1631554695 -0,012232 65,400000 36,800000 36,800000 -20,200000
323 1631554696 -0,012232 65,400000 36,000000 36,000000 -20,200000
323 1631554697 0,014970 66,800000 37,000000 37,000000 -20,200000
323 1631554698 0,014970 66,800000 38,000000 38,000000 -20,200000
323 1631554699 0,014970 66,800000 39,000000 39,000000 -20,200000
323 1631554700 0,014970 66,800000 40,000000 40,000000 -20,200000
323 1631554701 0,014970 66,800000 41,000000 41,000000 -20,200000
323 1631554702 -0,029499 67,800000 39,000000 39,000000 -20,200000
323 1631554703 -0,029499 67,800000 37,000000 37,000000 -20,200000
323 1631554704 -0,029499 67,800000 35,000000 35,000000 -20,200000
323 1631554705 -0,029499 67,800000 33,000000 33,000000 -20,200000
323 1631554706 -0,029499 67,800000 31,000000 31,000000 -20,200000
323 1631554707 0,005831 68,600000 31,400000 31,400000 -20,200000
323 1631554708 0,005831 68,600000 31,800000 31,800000 -20,200000
323 1631554709 0,005831 68,600000 32,200000 32,200000 -20,200000
323 1631554710 0,005831 68,600000 32,600000 32,600000 -20,200000
323 1631554711 0,005831 68,600000 33,000000 33,000000 -20,200000
323 1631554712 0,022792 70,200000 34,600000 34,600000 -20,200000
323 1631554713 0,022792 70,200000 36,200000 36,200000 -20,200000
323 1631554714 0,022792 70,200000 37,800000 37,800000 -20,200000
323 1631554715 0,022792 70,200000 39,400000 39,400000 -20,200000
323 1631554716 0,022792 70,200000 41,000000 41,000000 -20,200000
323 1631554717 0,002762 72,400000 41,200000 41,200000 -20,200000
323 1631554718 0,002762 72,400000 41,400000 41,400000 -20,200000
323 1631554719 0,002762 72,400000 41,600000 41,600000 -20,200000
323 1631554720 0,002762 72,400000 41,800000 41,800000 -20,200000
323 1631554721 0,002762 72,400000 42,000000 42,000000 -20,200000
323 1631554722 -0,019022 73,600000 40,600000 40,600000 -20,200000
323 1631554723 -0,019022 73,600000 39,200000 39,200000 -20,200000
323 1631554724 -0,019022 73,600000 37,800000 37,800000 -20,200000
323 1631554725 -0,019022 73,600000 36,400000 36,400000 -20,200000
323 1631554726 -0,019022 73,600000 35,000000 35,000000 -20,200000
323 1631554727 -0,005348 74,800000 34,600000 34,600000 -20,200000
323 1631554728 -0,005348 74,800000 34,200000 34,200000 -20,200000
323 1631554729 -0,005348 74,800000 33,800000 33,800000 -20,200000
323 1631554730 -0,005348 74,800000 33,400000 33,400000 -20,200000
323 1631554731 -0,005348 74,800000 33,000000 33,000000 -20,200000
323 1631554732 0,007895 76,000000 33,600000 33,600000 -20,200000
323 1631554733 0,007895 76,000000 34,200000 34,200000 -20,200000
323 1631554734 0,007895 76,000000 34,800000 34,800000 -20,200000
323 1631554735 0,007895 76,000000 35,400000 35,400000 -20,200000
323 1631554736 0,007895 76,000000 36,000000 36,000000 -20,200000
323 1631554737 0,010336 77,400000 36,800000 36,800000 -20,200000
323 1631554738 0,010336 77,400000 37,600000 37,600000 -20,200000
323 1631554739 0,010336 77,400000 38,400000 38,400000 -20,200000
323 1631554740 0,010336 77,400000 39,200000 39,200000 -20,200000
323 1631554741 0,010336 77,400000 40,000000 40,000000 -20,200000
323 1631554742 0,010178 78,600000 40,800000 40,800000 -20,200000
323 1631554743 0,010178 78,600000 41,600000 41,600000 -20,200000
323 1631554744 0,010178 78,600000 42,400000 42,400000 -20,200000
323 1631554745 0,010178 78,600000 43,200000 43,200000 -20,200000
323 1631554746 0,010178 78,600000 44,000000 44,000000 -20,200000
323 1631554747 -0,029925 80,200000 41,600000 41,600000 -20,200000
323 1631554748 -0,029925 80,200000 39,200000 39,200000 -20,200000
323 1631554749 -0,029925 80,200000 36,800000 36,800000 -20,200000
323 1631554750 -0,029925 80,200000 34,400000 34,400000 -20,200000
323 1631554751 -0,029925 80,200000 32,000000 32,000000 -20,200000
323 1631554752 -0,004914 81,400000 31,600000 31,600000 -20,200000
323 1631554753 -0,004914 81,400000 31,200000 31,200000 -20,200000
323 1631554754 -0,004914 81,400000 30,800000 30,800000 -20,200000
323 1631554755 -0,004914 81,400000 30,400000 30,400000 -20,200000
323 1631554756 -0,004914 81,400000 30,000000 30,000000 -20,200000
323 1631554757 0,014528 82,600000 31,200000 31,200000 -20,200000
323 1631554758 0,014528 82,600000 32,400000 32,400000 -20,200000
323 1631554759 0,014528 82,600000 33,600000 33,600000 -20,200000
323 1631554760 0,014528 82,600000 34,800000 34,800000 -20,200000
323 1631554761 0,014528 82,600000 36,000000 36,000000 -20,200000
323 1631554762 0,019139 83,600000 37,600000 37,600000 -20,200000
323 1631554763 0,019139 83,600000 39,200000 39,200000 -20,200000
323 1631554764 0,019139 83,600000 40,800000 40,800000 -20,200000
323 1631554765 0,019139 83,600000 42,400000 42,400000 -20,200000
323 1631554766 0,019139 83,600000 44,000000 44,000000 -20,200000
323 1631554767 -0,007026 85,400000 43,400000 43,400000 -20,200000
323 1631554768 -0,007026 85,400000 42,800000 42,800000 -20,200000
323 1631554769 -0,007026 85,400000 42,200000 42,200000 -20,200000
323 1631554770 -0,007026 85,400000 41,600000 41,600000 -20,200000
323 1631554771 -0,007026 85,400000 41,000000 41,000000 -20,200000
323 1631554772 -0,011547 86,600000 40,000000 40,000000 -20,200000
323 1631554773 -0,011547 86,600000 39,000000 39,000000 -20,200000
323 1631554774 -0,011547 86,600000 38,000000 38,000000 -20,200000
323 1631554775 -0,011547 86,600000 37,000000 37,000000 -20,200000
323 1631554776 -0,011547 86,600000 36,000000 36,000000 -20,200000
323 1631554777 -0,006803 88,200000 35,400000 35,400000 -20,200000
323 1631554778 -0,006803 88,200000 34,800000 34,800000 -20,200000
323 1631554779 -0,006803 88,200000 34,200000 34,200000 -20,200000
323 1631554780 -0,006803 88,200000 33,600000 33,600000 -20,200000
323 1631554781 -0,006803 88,200000 33,000000 33,000000 -20,200000
323 1631554782 0,020089 89,600000 34,800000 34,800000 -20,200000
323 1631554783 0,020089 89,600000 36,600000 36,600000 -20,200000
323 1631554784 0,020089 89,600000 38,400000 38,400000 -20,200000
323 1631554785 0,020089 89,600000 40,200000 40,200000 -20,200000
323 1631554786 0,020089 89,600000 42,000000 42,000000 -20,200000
323 1631554787 -0,010989 91,000000 41,000000 41,000000 -20,200000
323 1631554788 -0,010989 91,000000 40,000000 40,000000 -20,200000
323 1631554789 -0,010989 91,000000 39,000000 39,000000 -20,200000
323 1631554790 -0,010989 91,000000 38,000000 38,000000 -20,200000
323 1631554791 -0,010989 91,000000 37,000000 37,000000 -20,200000
323 1631554792 0,002174 92,000000 37,200000 37,200000 -20,200000
323 1631554793 0,002174 92,000000 37,400000 37,400000 -20,200000
323 1631554794 0,002174 92,000000 37,600000 37,600000 -20,200000
323 1631554795 0,002174 92,000000 37,800000 37,800000 -20,200000
323 1631554796 0,002174 92,000000 38,000000 38,000000 -20,200000
323 1631554797 -0,008584 93,200000 37,200000 37,200000 -20,200000
323 1631554798 -0,008584 93,200000 36,400000 36,400000 -20,200000
323 1631554799 -0,008584 93,200000 35,600000 35,600000 -20,200000
323 1631554800 -0,008584 93,200000 34,800000 34,800000 -20,200000
323 1631554801 -0,008584 93,200000 34,000000 34,000000 -20,200000
323 1631554802 0,004202 95,200000 34,400000 34,400000 -20,200000
323 1631554803 0,004202 95,200000 34,800000 34,800000 -20,200000
323 1631554804 0,004202 95,200000 35,200000 35,200000 -20,200000
323 1631554805 0,004202 95,200000 35,600000 35,600000 -20,200000
323 1631554806 0,004202 95,200000 36,000000 36,000000 -20,200000
323 1631554807 0,006250 96,000000 36,600000 36,600000 -20,200000
323 1631554808 0,006250 96,000000 37,200000 37,200000 -20,200000
323 1631554809 0,006250 96,000000 37,800000 37,800000 -20,200000
323 1631554810 0,006250 96,000000 38,400000 38,400000 -20,200000
323 1631554811 0,006250 96,000000 39,000000 39,000000 -20,200000
323 1631554812 0,000000 97,800000 39,000000 39,000000 -20,200000
323 1631554813 0,000000 97,800000 39,000000 39,000000 -20,200000
323 1631554814 0,000000 97,800000 39,000000 39,000000 -20,200000
323 1631554815 0,000000 97,800000 39,000000 39,000000 -20,200000
323 1631554816 0,000000 97,800000 39,000000 39,000000 -20,200000
323 1631554817 -0,002020 99,000000 38,800000 38,800000 -20,200000
323 1631554818 -0,002020 99,000000 38,600000 38,600000 -20,200000
323 1631554819 -0,002020 99,000000 38,400000 38,400000 -20,200000
323 1631554820 -0,002020 99,000000 38,200000 38,200000 -20,200000
323 1631554821 -0,002020 99,000000 38,000000 38,000000 -20,200000
323 1631554822 -0,012000 100,000000 36,800000 36,800000 -20,200000
323 1631554823 -0,012000 100,000000 35,600000 35,600000 -20,200000
323 1631554824 -0,012000 100,000000 34,400000 34,400000 -20,200000
323 1631554825 -0,012000 100,000000 33,200000 33,200000 -20,200000
323 1631554826 -0,012000 100,000000 32,000000 32,000000 -20,200000
323 1631554827 0,025692 101,200000 34,600000 34,600000 -20,200000
323 1631554828 0,025692 101,200000 37,200000 37,200000 -20,200000
323 1631554829 0,025692 101,200000 39,800000 39,800000 -20,200000
323 1631554830 0,025692 101,200000 42,400000 42,400000 -20,200000
323 1631554831 0,025692 101,200000 45,000000 45,000000 -20,200000
323 1631554832 -0,015534 103,000000 43,400000 43,400000 -20,200000
323 1631554833 -0,015534 103,000000 41,800000 41,800000 -20,200000
323 1631554834 -0,015534 103,000000 40,200000 40,200000 -20,200000
323 1631554835 -0,015534 103,000000 38,600000 38,600000 -20,200000
323 1631554836 -0,015534 103,000000 37,000000 37,000000 -20,200000
323 1631554837 0,001905 105,000000 37,200000 37,200000 -20,200000
323 1631554838 0,001905 105,000000 37,400000 37,400000 -20,200000
323 1631554839 0,001905 105,000000 37,600000 37,600000 -20,200000
323 1631554840 0,001905 105,000000 37,800000 37,800000 -20,200000
323 1631554841 0,001905 105,000000 38,000000 38,000000 -20,200000
323 1631554842 -0,011364 105,600000 36,800000 36,800000 -20,200000
323 1631554843 -0,011364 105,600000 35,600000 35,600000 -20,200000
323 1631554844 -0,011364 105,600000 34,400000 34,400000 -20,200000
323 1631554845 -0,011364 105,600000 33,200000 33,200000 -20,200000
323 1631554846 -0,011364 105,600000 32,000000 32,000000 -20,200000
323 1631554847 0,011278 106,400000 33,200000 33,200000 -20,200000
323 1631554848 0,011278 106,400000 34,400000 34,400000 -20,200000
323 1631554849 0,011278 106,400000 35,600000 35,600000 -20,200000
323 1631554850 0,011278 106,400000 36,800000 36,800000 -20,200000
323 1631554851 0,011278 106,400000 38,000000 38,000000 -20,200000
323 1631554852 0,007380 108,400000 38,800000 38,800000 -20,200000
323 1631554853 0,007380 108,400000 39,600000 39,600000 -20,200000
323 1631554854 0,007380 108,400000 40,400000 40,400000 -20,200000
323 1631554855 0,007380 108,400000 41,200000 41,200000 -20,200000
323 1631554856 0,007380 108,400000 42,000000 42,000000 -20,200000
323 1631554857 -0,007273 110,000000 41,200000 41,200000 -20,200000
323 1631554858 -0,007273 110,000000 40,400000 40,400000 -20,200000
323 1631554859 -0,007273 110,000000 39,600000 39,600000 -20,200000
323 1631554860 -0,007273 110,000000 38,800000 38,800000 -20,200000
323 1631554861 -0,007273 110,000000 38,000000 38,000000 -20,200000
323 1631554862 0,000000 111,600000 38,000000 38,000000 -20,200000
323 1631554863 0,000000 111,600000 38,000000 38,000000 -20,200000
323 1631554864 0,000000 111,600000 38,000000 38,000000 -20,200000
323 1631554865 0,000000 111,600000 38,000000 38,000000 -20,200000
323 1631554866 0,000000 111,600000 38,000000 38,000000 -20,200000
323 1631554867 -0,012433 112,600000 36,600000 36,600000 -20,200000
323 1631554868 -0,012433 112,600000 35,200000 35,200000 -20,200000
323 1631554869 -0,012433 112,600000 33,800000 33,800000 -20,200000
323 1631554870 -0,012433 112,600000 32,400000 32,400000 -20,200000
323 1631554871 -0,012433 112,600000 31,000000 31,000000 -20,200000
323 1631554872 0,012324 113,600000 32,400000 32,400000 -20,200000
323 1631554873 0,012324 113,600000 33,800000 33,800000 -20,200000
323 1631554874 0,012324 113,600000 35,200000 35,200000 -20,200000
323 1631554875 0,012324 113,600000 36,600000 36,600000 -20,200000
323 1631554876 0,012324 113,600000 38,000000 38,000000 -20,200000
323 1631554877 0,003484 114,800000 38,400000 38,400000 -20,200000
323 1631554878 0,003484 114,800000 38,800000 38,800000 -20,200000
323 1631554879 0,003484 114,800000 39,200000 39,200000 -20,200000
323 1631554880 0,003484 114,800000 39,600000 39,600000 -20,200000
323 1631554881 0,003484 114,800000 40,000000 40,000000 -20,200000
323 1631554882 0,012048 116,200000 41,400000 41,400000 -20,200000
323 1631554883 0,012048 116,200000 42,800000 42,800000 -20,200000
323 1631554884 0,012048 116,200000 44,200000 44,200000 -20,200000
323 1631554885 0,012048 116,200000 45,600000 45,600000 -20,200000
323 1631554886 0,012048 116,200000 47,000000 47,000000 -20,200000
323 1631554887 -0,032040 118,600000 43,200000 43,200000 -20,200000
323 1631554888 -0,032040 118,600000 39,400000 39,400000 -20,200000
323 1631554889 -0,032040 118,600000 35,600000 35,600000 -20,200000
323 1631554890 -0,032040 118,600000 31,800000 31,800000 -20,200000
323 1631554891 -0,032040 118,600000 28,000000 28,000000 -20,200000
323 1631554892 0,011725 119,400000 29,400000 29,400000 -20,200000
323 1631554893 0,011725 119,400000 30,800000 30,800000 -20,200000
323 1631554894 0,011725 119,400000 32,200000 32,200000 -20,200000
323 1631554895 0,011725 119,400000 33,600000 33,600000 -20,200000
323 1631554896 0,011725 119,400000 35,000000 35,000000 -20,200000
323 1631554897 0,009950 120,600000 36,200000 36,200000 -20,200000
323 1631554898 0,009950 120,600000 37,400000 37,400000 -20,200000
323 1631554899 0,009950 120,600000 38,600000 38,600000 -20,200000
323 1631554900 0,009950 120,600000 39,800000 39,800000 -20,200000
323 1631554901 0,009950 120,600000 41,000000 41,000000 -20,200000
323 1631554902 -0,001642 121,800000 40,800000 40,800000 -20,200000
323 1631554903 -0,001642 121,800000 40,600000 40,600000 -20,200000
323 1631554904 -0,001642 121,800000 40,400000 40,400000 -20,200000
323 1631554905 -0,001642 121,800000 40,200000 40,200000 -20,200000
323 1631554906 -0,001642 121,800000 40,000000 40,000000 -20,200000
323 1631554907 -0,009724 123,400000 38,800000 38,800000 -20,200000
323 1631554908 -0,009724 123,400000 37,600000 37,600000 -20,200000
323 1631554909 -0,009724 123,400000 36,400000 36,400000 -20,200000
323 1631554910 -0,009724 123,400000 35,200000 35,200000 -20,200000
323 1631554911 -0,009724 123,400000 34,000000 34,000000 -20,200000
323 1631554912 0,006441 124,200000 34,800000 34,800000 -20,200000
323 1631554913 0,006441 124,200000 35,600000 35,600000 -20,200000
323 1631554914 0,006441 124,200000 36,400000 36,400000 -20,200000
323 1631554915 0,006441 124,200000 37,200000 37,200000 -20,200000
323 1631554916 0,006441 124,200000 38,000000 38,000000 -20,200000
323 1631554917 -0,007949 125,800000 37,000000 37,000000 -20,200000
323 1631554918 -0,007949 125,800000 36,000000 36,000000 -20,200000
323 1631554919 -0,007949 125,800000 35,000000 35,000000 -20,200000
323 1631554920 -0,007949 125,800000 34,000000 34,000000 -20,200000
323 1631554921 -0,007949 125,800000 33,000000 33,000000 -20,200000
323 1631554922 0,012559 127,400000 34,600000 34,600000 -20,200000
323 1631554923 0,012559 127,400000 36,200000 36,200000 -20,200000
323 1631554924 0,012559 127,400000 37,800000 37,800000 -20,200000
323 1631554925 0,012559 127,400000 39,400000 39,400000 -20,200000
323 1631554926 0,012559 127,400000 41,000000 41,000000 -20,200000
323 1631554927 -0,003120 128,200000 40,600000 40,600000 -20,200000
323 1631554928 -0,003120 128,200000 40,200000 40,200000 -20,200000
323 1631554929 -0,003120 128,200000 39,800000 39,800000 -20,200000
323 1631554930 -0,003120 128,200000 39,400000 39,400000 -20,200000
323 1631554931 -0,003120 128,200000 39,000000 39,000000 -20,200000
323 1631554932 0,000000 129,800000 39,000000 39,000000 -20,200000
323 1631554933 0,000000 129,800000 39,000000 39,000000 -20,200000
323 1631554934 0,000000 129,800000 39,000000 39,000000 -20,200000
323 1631554935 0,000000 129,800000 39,000000 39,000000 -20,200000
323 1631554936 0,000000 129,800000 39,000000 39,000000 -20,200000
323 1631554937 -0,006098 131,200000 38,200000 38,200000 -20,200000
323 1631554938 -0,006098 131,200000 37,400000 37,400000 -20,200000
323 1631554939 -0,006098 131,200000 36,600000 36,600000 -20,200000
323 1631554940 -0,006098 131,200000 35,800000 35,800000 -20,200000
323 1631554941 -0,006098 131,200000 35,000000 35,000000 -20,200000
323 1631554942 0,003012 132,800000 35,400000 35,400000 -20,200000
323 1631554943 0,003012 132,800000 35,800000 35,800000 -20,200000
323 1631554944 0,003012 132,800000 36,200000 36,200000 -20,200000
323 1631554945 0,003012 132,800000 36,600000 36,600000 -20,200000
323 1631554946 0,003012 132,800000 37,000000 37,000000 -20,200000
323 1631554947 0,008942 134,200000 38,200000 38,200000 -20,200000
323 1631554948 0,008942 134,200000 39,400000 39,400000 -20,200000
323 1631554949 0,008942 134,200000 40,600000 40,600000 -20,200000
323 1631554950 0,008942 134,200000 41,800000 41,800000 -20,200000
323 1631554951 0,008942 134,200000 43,000000 43,000000 -20,200000
323 1631554952 -0,016176 136,000000 40,800000 40,800000 -20,200000
323 1631554953 -0,016176 136,000000 38,600000 38,600000 -20,200000
323 1631554954 -0,016176 136,000000 36,400000 36,400000 -20,200000
323 1631554955 -0,016176 136,000000 34,200000 34,200000 -20,200000
323 1631554956 -0,016176 136,000000 32,000000 32,000000 -20,200000
323 1631554957 0,004380 137,000000 32,600000 32,600000 -20,200000
323 1631554958 0,004380 137,000000 33,200000 33,200000 -20,200000
323 1631554959 0,004380 137,000000 33,800000 33,800000 -20,200000
323 1631554960 0,004380 137,000000 34,400000 34,400000 -20,200000
323 1631555022 0,000000 1,000000 41,000000 41,000000 10201,000000
323 1631555021 1,000000 0,200000 41,000000 41,000000 2040,208000
323 1631555020 1,000000 0,200000 40,800000 40,800000 2040,208000
323 1631555019 1,000000 0,200000 40,600000 40,600000 2040,208000
323 1631555018 1,000000 0,200000 40,400000 40,400000 2040,208000
323 1631555017 1,000000 0,200000 40,200000 40,200000 2040,208000
323 1631555016 8,000000 0,200000 40,000000 40,000000 2040,712000
323 1631555015 8,000000 0,200000 38,400000 38,400000 2040,712000
323 1631555014 8,000000 0,200000 36,800000 36,800000 2040,712000
323 1631555013 8,000000 0,200000 35,200000 35,200000 2040,712000
323 1631555012 8,000000 0,200000 33,600000 33,600000 2040,712000
323 1631555011 -1,000000 0,200000 32,000000 32,000000 2040,208000
323 1631555010 -1,000000 0,200000 32,200000 32,200000 2040,208000
323 1631555009 -1,000000 0,200000 32,400000 32,400000 2040,208000
323 1631555008 -1,000000 0,200000 32,600000 32,600000 2040,208000
323 1631555007 -1,000000 0,200000 32,800000 32,800000 2040,208000
323 1631555006 -6,000000 0,200000 33,000000 33,000000 2040,488000
323 1631555005 -6,000000 0,200000 34,200000 34,200000 2040,488000
323 1631555004 -6,000000 0,200000 35,400000 35,400000 2040,488000
323 1631555003 -6,000000 0,200000 36,600000 36,600000 2040,488000
323 1631555002 -6,000000 0,200000 37,800000 37,800000 2040,488000
323 1631555001 -2,000000 0,200000 39,000000 39,000000 2040,232000
323 1631555000 -2,000000 0,200000 39,400000 39,400000 2040,232000
323 1631554999 -2,000000 0,200000 39,800000 39,800000 2040,232000
323 1631554998 -2,000000 0,200000 40,200000 40,200000 2040,232000
323 1631554997 -2,000000 0,200000 40,600000 40,600000 2040,232000
323 1631554996 5,000000 0,200000 41,000000 41,000000 2040,400000
323 1631554995 5,000000 0,200000 40,000000 40,000000 2040,400000
323 1631554994 5,000000 0,200000 39,000000 39,000000 2040,400000
323 1631554993 5,000000 0,200000 38,000000 38,000000 2040,400000
323 1631554992 5,000000 0,200000 37,000000 37,000000 2040,400000
323 1631554991 4,000000 0,200000 36,000000 36,000000 2040,328000
323 1631554990 4,000000 0,200000 35,200000 35,200000 2040,328000
323 1631554989 4,000000 0,200000 34,400000 34,400000 2040,328000
323 1631554988 4,000000 0,200000 33,600000 33,600000 2040,328000
323 1631554987 4,000000 0,200000 32,800000 32,800000 2040,328000
323 1631554986 -3,000000 0,200000 32,000000 32,000000 2040,272000
323 1631554985 -3,000000 0,200000 32,600000 32,600000 2040,272000
323 1631554984 -3,000000 0,200000 33,200000 33,200000 2040,272000
323 1631554983 -3,000000 0,200000 33,800000 33,800000 2040,272000
323 1631554982 -3,000000 0,200000 34,400000 34,400000 2040,272000
323 1631554981 1,000000 0,200000 35,000000 35,000000 2040,208000
323 1631554980 1,000000 0,200000 34,800000 34,800000 2040,208000
323 1631554979 1,000000 0,200000 34,600000 34,600000 2040,208000
323 1631554978 1,000000 0,200000 34,400000 34,400000 2040,208000
323 1631554977 1,000000 0,200000 34,200000 34,200000 2040,208000
323 1631554976 -13,000000 0,200000 34,000000 34,000000 2041,552000
323 1631554975 -13,000000 0,200000 36,600000 36,600000 2041,552000
323 1631554974 -13,000000 0,200000 39,200000 39,200000 2041,552000
323 1631554973 -13,000000 0,200000 41,800000 41,800000 2041,552000
323 1631554972 -13,000000 0,200000 44,400000 44,400000 2041,552000
323 1631554971 10,000000 0,200000 47,000000 47,000000 2041,000000
323 1631554970 10,000000 0,200000 45,000000 45,000000 2041,000000
323 1631554969 10,000000 0,200000 43,000000 43,000000 2041,000000
323 1631554968 10,000000 0,200000 41,000000 41,000000 2041,000000
323 1631554967 10,000000 0,200000 39,000000 39,000000 2041,000000
323 1631554966 2,000000 0,200000 37,000000 37,000000 2040,232000
323 1631554965 2,000000 0,200000 36,600000 36,600000 2040,232000
323 1631554964 2,000000 0,200000 36,200000 36,200000 2040,232000
323 1631554963 2,000000 0,200000 35,800000 35,800000 2040,232000
323 1631554962 2,000000 0,200000 35,400000 35,400000 2040,232000
323 1631554961 3,000000 0,200000 35,000000 35,000000 2040,272000
323 1631554961 0,004380 137,000000 35,000000 35,000000 -20,200000
323 1631554962 0,002903 137,800000 35,400000 35,400000 -20,200000
323 1631554963 0,002903 137,800000 35,800000 35,800000 -20,200000
323 1631554964 0,002903 137,800000 36,200000 36,200000 -20,200000
323 1631554965 0,002903 137,800000 36,600000 36,600000 -20,200000
323 1631554966 0,002903 137,800000 37,000000 37,000000 -20,200000
323 1631554967 0,014388 139,000000 39,000000 39,000000 -20,200000
323 1631554968 0,014388 139,000000 41,000000 41,000000 -20,200000
323 1631554969 0,014388 139,000000 43,000000 43,000000 -20,200000
323 1631554970 0,014388 139,000000 45,000000 45,000000 -20,200000
323 1631554971 0,014388 139,000000 47,000000 47,000000 -20,200000
323 1631554972 -0,018414 141,200000 44,400000 44,400000 -20,200000
323 1631554973 -0,018414 141,200000 41,800000 41,800000 -20,200000
323 1631554974 -0,018414 141,200000 39,200000 39,200000 -20,200000
323 1631554975 -0,018414 141,200000 36,600000 36,600000 -20,200000
323 1631554976 -0,018414 141,200000 34,000000 34,000000 -20,200000
323 1631554977 0,001404 142,400000 34,200000 34,200000 -20,200000
323 1631554978 0,001404 142,400000 34,400000 34,400000 -20,200000
323 1631554979 0,001404 142,400000 34,600000 34,600000 -20,200000
323 1631554980 0,001404 142,400000 34,800000 34,800000 -20,200000
323 1631554981 0,001404 142,400000 35,000000 35,000000 -20,200000
323 1631554982 -0,004178 143,600000 34,400000 34,400000 -20,200000
323 1631554983 -0,004178 143,600000 33,800000 33,800000 -20,200000
323 1631554984 -0,004178 143,600000 33,200000 33,200000 -20,200000
323 1631554985 -0,004178 143,600000 32,600000 32,600000 -20,200000
323 1631554986 -0,004178 143,600000 32,000000 32,000000 -20,200000
323 1631554987 0,005540 144,400000 32,800000 32,800000 -20,200000
323 1631554988 0,005540 144,400000 33,600000 33,600000 -20,200000
323 1631554989 0,005540 144,400000 34,400000 34,400000 -20,200000
323 1631554990 0,005540 144,400000 35,200000 35,200000 -20,200000
323 1631554991 0,005540 144,400000 36,000000 36,000000 -20,200000
323 1631554992 0,006859 145,800000 37,000000 37,000000 -20,200000
323 1631554993 0,006859 145,800000 38,000000 38,000000 -20,200000
323 1631554994 0,006859 145,800000 39,000000 39,000000 -20,200000
323 1631554995 0,006859 145,800000 40,000000 40,000000 -20,200000
323 1631554996 0,006859 145,800000 41,000000 41,000000 -20,200000
323 1631554997 -0,002714 147,400000 40,600000 40,600000 -20,200000
323 1631554998 -0,002714 147,400000 40,200000 40,200000 -20,200000
323 1631554999 -0,002714 147,400000 39,800000 39,800000 -20,200000
323 1631555000 -0,002714 147,400000 39,400000 39,400000 -20,200000
323 1631555001 -0,002714 147,400000 39,000000 39,000000 -20,200000
323 1631555002 -0,008043 149,200000 37,800000 37,800000 -20,200000
323 1631555003 -0,008043 149,200000 36,600000 36,600000 -20,200000
323 1631555004 -0,008043 149,200000 35,400000 35,400000 -20,200000
323 1631555005 -0,008043 149,200000 34,200000 34,200000 -20,200000
323 1631555006 -0,008043 149,200000 33,000000 33,000000 -20,200000
323 1631555007 -0,001328 150,600000 32,800000 32,800000 -20,200000
323 1631555008 -0,001328 150,600000 32,600000 32,600000 -20,200000
323 1631555009 -0,001328 150,600000 32,400000 32,400000 -20,200000
323 1631555010 -0,001328 150,600000 32,200000 32,200000 -20,200000
323 1631555011 -0,001328 150,600000 32,000000 32,000000 -20,200000
323 1631555012 0,010554 151,600000 33,600000 33,600000 -20,200000
323 1631555013 0,010554 151,600000 35,200000 35,200000 -20,200000
323 1631555014 0,010554 151,600000 36,800000 36,800000 -20,200000
323 1631555015 0,010554 151,600000 38,400000 38,400000 -20,200000
323 1631555016 0,010554 151,600000 40,000000 40,000000 -20,200000
323 1631555017 0,001309 152,800000 40,200000 40,200000 -20,200000
323 1631555018 0,001309 152,800000 40,400000 40,400000 -20,200000
323 1631555019 0,001309 152,800000 40,600000 40,600000 -20,200000
323 1631555020 0,001309 152,800000 40,800000 40,800000 -20,200000
323 1631555021 0,001309 152,800000 41,000000 41,000000 -20,200000
323 1631555022 -0,002591 154,400000 40,600000 40,600000 -20,200000
323 1631555023 -0,002591 154,400000 40,200000 40,200000 -20,200000
323 1631555024 -0,002591 154,400000 39,800000 39,800000 -20,200000
323 1631555025 -0,002591 154,400000 39,400000 39,400000 -20,200000
323 1631555026 -0,002591 154,400000 39,000000 39,000000 -20,200000
323 1631555027 -0,019206 156,200000 36,000000 36,000000 -20,200000
323 1631555028 -0,019206 156,200000 33,000000 33,000000 -20,200000
323 1631555029 -0,019206 156,200000 30,000000 30,000000 -20,200000
323 1631555030 -0,019206 156,200000 27,000000 27,000000 -20,200000
323 1631555031 -0,019206 156,200000 24,000000 24,000000 -20,200000
323 1631555032 0,017812 157,200000 26,800000 26,800000 -20,200000
323 1631555033 0,017812 157,200000 29,600000 29,600000 -20,200000
323 1631555034 0,017812 157,200000 32,400000 32,400000 -20,200000
323 1631555035 0,017812 157,200000 35,200000 35,200000 -20,200000
323 1631555036 0,017812 157,200000 38,000000 38,000000 -20,200000
323 1631555037 -0,001261 158,600000 37,800000 37,800000 -20,200000
323 1631555038 -0,001261 158,600000 37,600000 37,600000 -20,200000
323 1631555039 -0,001261 158,600000 37,400000 37,400000 -20,200000
323 1631555040 -0,001261 158,600000 37,200000 37,200000 -20,200000
323 1631555041 -0,001261 158,600000 37,000000 37,000000 -20,200000
323 1631555042 0,006266 159,600000 38,000000 38,000000 -20,200000
323 1631555043 0,006266 159,600000 39,000000 39,000000 -20,200000
323 1631555044 0,006266 159,600000 40,000000 40,000000 -20,200000
323 1631555045 0,006266 159,600000 41,000000 41,000000 -20,200000
323 1631555046 0,006266 159,600000 42,000000 42,000000 -20,200000
323 1631555047 -0,007472 160,600000 40,800000 40,800000 -20,200000
323 1631555048 -0,007472 160,600000 39,600000 39,600000 -20,200000
323 1631555049 -0,007472 160,600000 38,400000 38,400000 -20,200000
323 1631555050 -0,007472 160,600000 37,200000 37,200000 -20,200000
323 1631555051 -0,007472 160,600000 36,000000 36,000000 -20,200000
323 1631555052 0,003704 162,000000 36,600000 36,600000 -20,200000
323 1631555053 0,003704 162,000000 37,200000 37,200000 -20,200000
323 1631555054 0,003704 162,000000 37,800000 37,800000 -20,200000
323 1631555055 0,003704 162,000000 38,400000 38,400000 -20,200000
323 1631555056 0,003704 162,000000 39,000000 39,000000 -20,200000
323 1631555057 -0,004878 164,000000 38,200000 38,200000 -20,200000
323 1631555058 -0,004878 164,000000 37,400000 37,400000 -20,200000
323 1631555059 -0,004878 164,000000 36,600000 36,600000 -20,200000
323 1631555060 -0,004878 164,000000 35,800000 35,800000 -20,200000
323 1631555061 -0,004878 164,000000 35,000000 35,000000 -20,200000
323 1631555062 0,009697 165,000000 36,600000 36,600000 -20,200000
323 1631555063 0,009697 165,000000 38,200000 38,200000 -20,200000
323 1631555064 0,009697 165,000000 39,800000 39,800000 -20,200000
323 1631555065 0,009697 165,000000 41,400000 41,400000 -20,200000
323 1631555066 0,009697 165,000000 43,000000 43,000000 -20,200000
323 1631555067 -0,008403 166,600000 41,600000 41,600000 -20,200000
323 1631555068 -0,008403 166,600000 40,200000 40,200000 -20,200000
323 1631555069 -0,008403 166,600000 38,800000 38,800000 -20,200000
323 1631555070 -0,008403 166,600000 37,400000 37,400000 -20,200000
323 1631555071 -0,008403 166,600000 36,000000 36,000000 -20,200000
323 1631555072 -0,002384 167,800000 35,600000 35,600000 -20,200000
323 1631555073 -0,002384 167,800000 35,200000 35,200000 -20,200000
323 1631555074 -0,002384 167,800000 34,800000 34,800000 -20,200000
323 1631555075 -0,002384 167,800000 34,400000 34,400000 -20,200000
323 1631555076 -0,002384 167,800000 34,000000 34,000000 -20,200000
323 1631555077 0,004728 169,200000 34,800000 34,800000 -20,200000
323 1631555078 0,004728 169,200000 35,600000 35,600000 -20,200000
323 1631555079 0,004728 169,200000 36,400000 36,400000 -20,200000
323 1631555080 0,004728 169,200000 37,200000 37,200000 -20,200000
323 1631555081 0,004728 169,200000 38,000000 38,000000 -20,200000
323 1631555082 0,003517 170,600000 38,600000 38,600000 -20,200000
323 1631555083 0,003517 170,600000 39,200000 39,200000 -20,200000
323 1631555084 0,003517 170,600000 39,800000 39,800000 -20,200000
323 1631555085 0,003517 170,600000 40,400000 40,400000 -20,200000
323 1631555086 0,003517 170,600000 41,000000 41,000000 -20,200000
323 1631555087 -0,002328 171,800000 40,600000 40,600000 -20,200000
323 1631555088 -0,002328 171,800000 40,200000 40,200000 -20,200000
323 1631555089 -0,002328 171,800000 39,800000 39,800000 -20,200000
323 1631555090 -0,002328 171,800000 39,400000 39,400000 -20,200000
323 1631555091 -0,002328 171,800000 39,000000 39,000000 -20,200000
323 1631555092 -0,005760 173,600000 38,000000 38,000000 -20,200000
323 1631555093 -0,005760 173,600000 37,000000 37,000000 -20,200000
323 1631555094 -0,005760 173,600000 36,000000 36,000000 -20,200000
323 1631555095 -0,005760 173,600000 35,000000 35,000000 -20,200000
323 1631555096 -0,005760 173,600000 34,000000 34,000000 -20,200000
323 1631555097 0,000000 174,400000 34,000000 34,000000 -20,200000
323 1631555098 0,000000 174,400000 34,000000 34,000000 -20,200000
323 1631555099 0,000000 174,400000 34,000000 34,000000 -20,200000
323 1631555100 0,000000 174,400000 34,000000 34,000000 -20,200000
323 1631555101 0,000000 174,400000 34,000000 34,000000 -20,200000
323 1631555102 0,005688 175,800000 35,000000 35,000000 -20,200000
323 1631555103 0,005688 175,800000 36,000000 36,000000 -20,200000
323 1631555104 0,005688 175,800000 37,000000 37,000000 -20,200000
323 1631555105 0,005688 175,800000 38,000000 38,000000 -20,200000
323 1631555106 0,005688 175,800000 39,000000 39,000000 -20,200000
323 1631555107 0,009040 177,000000 40,600000 40,600000 -20,200000
323 1631555108 0,009040 177,000000 42,200000 42,200000 -20,200000
323 1631555109 0,009040 177,000000 43,800000 43,800000 -20,200000
323 1631555110 0,009040 177,000000 45,400000 45,400000 -20,200000
323 1631555111 0,009040 177,000000 47,000000 47,000000 -20,200000
323 1631555112 -0,013438 178,600000 44,600000 44,600000 -20,200000
323 1631555113 -0,013438 178,600000 42,200000 42,200000 -20,200000
323 1631555114 -0,013438 178,600000 39,800000 39,800000 -20,200000
323 1631555115 -0,013438 178,600000 37,400000 37,400000 -20,200000
323 1631555116 -0,013438 178,600000 35,000000 35,000000 -20,200000
323 1631555117 0,001110 180,200000 35,200000 35,200000 -20,200000
323 1631555118 0,001110 180,200000 35,400000 35,400000 -20,200000
323 1631555119 0,001110 180,200000 35,600000 35,600000 -20,200000
323 1631555120 0,001110 180,200000 35,800000 35,800000 -20,200000
323 1631555121 0,001110 180,200000 36,000000 36,000000 -20,200000
323 1631555122 -0,003304 181,600000 35,400000 35,400000 -20,200000
323 1631555123 -0,003304 181,600000 34,800000 34,800000 -20,200000
323 1631555124 -0,003304 181,600000 34,200000 34,200000 -20,200000
323 1631555125 -0,003304 181,600000 33,600000 33,600000 -20,200000
323 1631555126 -0,003304 181,600000 33,000000 33,000000 -20,200000
323 1631555127 0,007667 182,600000 34,400000 34,400000 -20,200000
323 1631555128 0,007667 182,600000 35,800000 35,800000 -20,200000
323 1631555129 0,007667 182,600000 37,200000 37,200000 -20,200000
323 1631555130 0,007667 182,600000 38,600000 38,600000 -20,200000
323 1631555131 0,007667 182,600000 40,000000 40,000000 -20,200000
323 1631555132 -0,001087 184,000000 39,800000 39,800000 -20,200000
323 1631555133 -0,001087 184,000000 39,600000 39,600000 -20,200000
323 1631555134 -0,001087 184,000000 39,400000 39,400000 -20,200000
323 1631555135 -0,001087 184,000000 39,200000 39,200000 -20,200000
323 1631555136 -0,001087 184,000000 39,000000 39,000000 -20,200000
323 1631555137 -0,004310 185,600000 38,200000 38,200000 -20,200000
323 1631555138 -0,004310 185,600000 37,400000 37,400000 -20,200000
323 1631555139 -0,004310 185,600000 36,600000 36,600000 -20,200000
323 1631555140 -0,004310 185,600000 35,800000 35,800000 -20,200000
323 1631555141 -0,004310 185,600000 35,000000 35,000000 -20,200000
323 1631555142 -0,007487 187,000000 33,600000 33,600000 -20,200000
323 1631555143 -0,007487 187,000000 32,200000 32,200000 -20,200000
323 1631555144 -0,007487 187,000000 30,800000 30,800000 -20,200000
323 1631555145 -0,007487 187,000000 29,400000 29,400000 -20,200000
323 1631555146 -0,007487 187,000000 28,000000 28,000000 -20,200000
323 1631555147 0,001063 188,200000 28,200000 28,200000 -20,200000
323 1631555148 0,001063 188,200000 28,400000 28,400000 -20,200000
323 1631555149 0,001063 188,200000 28,600000 28,600000 -20,200000
323 1631555150 0,001063 188,200000 28,800000 28,800000 -20,200000
323 1631555151 0,001063 188,200000 29,000000 29,000000 -20,200000
323 1631555152 0,014784 189,400000 31,800000 31,800000 -20,200000
323 1631555153 0,014784 189,400000 34,600000 34,600000 -20,200000
323 1631555154 0,014784 189,400000 37,400000 37,400000 -20,200000
323 1631555155 0,014784 189,400000 40,200000 40,200000 -20,200000
323 1631555156 0,014784 189,400000 43,000000 43,000000 -20,200000
323 1631555157 -0,005241 190,800000 42,000000 42,000000 -20,200000
323 1631555158 -0,005241 190,800000 41,000000 41,000000 -20,200000
323 1631555159 -0,005241 190,800000 40,000000 40,000000 -20,200000
323 1631555160 -0,005241 190,800000 39,000000 39,000000 -20,200000
323 1631555161 -0,005241 190,800000 38,000000 38,000000 -20,200000
323 1631555162 0,003122 192,200000 38,600000 38,600000 -20,200000
323 1631555163 0,003122 192,200000 39,200000 39,200000 -20,200000
323 1631555164 0,003122 192,200000 39,800000 39,800000 -20,200000
323 1631555165 0,003122 192,200000 40,400000 40,400000 -20,200000
323 1631555166 0,003122 192,200000 41,000000 41,000000 -20,200000
323 1631555167 -0,012410 193,400000 38,600000 38,600000 -20,200000
323 1631555168 -0,012410 193,400000 36,200000 36,200000 -20,200000
323 1631555169 -0,012410 193,400000 33,800000 33,800000 -20,200000
323 1631555170 -0,012410 193,400000 31,400000 31,400000 -20,200000
323 1631555171 -0,012410 193,400000 29,000000 29,000000 -20,200000
323 1631555172 0,010246 195,200000 31,000000 31,000000 -20,200000
323 1631555173 0,010246 195,200000 33,000000 33,000000 -20,200000
323 1631555174 0,010246 195,200000 35,000000 35,000000 -20,200000
323 1631555175 0,010246 195,200000 37,000000 37,000000 -20,200000
323 1631555176 0,010246 195,200000 39,000000 39,000000 -20,200000
323 1631555177 -0,002037 196,400000 38,600000 38,600000 -20,200000
323 1631555178 -0,002037 196,400000 38,200000 38,200000 -20,200000
323 1631555179 -0,002037 196,400000 37,800000 37,800000 -20,200000
323 1631555180 -0,002037 196,400000 37,400000 37,400000 -20,200000
323 1631555181 -0,002037 196,400000 37,000000 37,000000 -20,200000
323 1631555182 -0,002026 197,400000 36,600000 36,600000 -20,200000
323 1631555183 -0,002026 197,400000 36,200000 36,200000 -20,200000
323 1631555184 -0,002026 197,400000 35,800000 35,800000 -20,200000
323 1631555185 -0,002026 197,400000 35,400000 35,400000 -20,200000
323 1631555186 -0,002026 197,400000 35,000000 35,000000 -20,200000
323 1631555187 0,000000 198,800000 35,000000 35,000000 -20,200000
323 1631555188 0,000000 198,800000 35,000000 35,000000 -20,200000
323 1631555189 0,000000 198,800000 35,000000 35,000000 -20,200000
323 1631555190 0,000000 198,800000 35,000000 35,000000 -20,200000
323 1631555191 0,000000 198,800000 35,000000 35,000000 -20,200000
323 1631555192 0,003000 200,000000 35,600000 35,600000 -20,200000
323 1631555193 0,003000 200,000000 36,200000 36,200000 -20,200000
323 1631555194 0,003000 200,000000 36,800000 36,800000 -20,200000
323 1631555195 0,003000 200,000000 37,400000 37,400000 -20,200000
323 1631555196 0,003000 200,000000 38,000000 38,000000 -20,200000
323 1631555197 -0,002970 202,000000 37,400000 37,400000 -20,200000
323 1631555198 -0,002970 202,000000 36,800000 36,800000 -20,200000
323 1631555199 -0,002970 202,000000 36,200000 36,200000 -20,200000
323 1631555200 -0,002970 202,000000 35,600000 35,600000 -20,200000
323 1631555201 -0,002970 202,000000 35,000000 35,000000 -20,200000
323 1631555202 0,007882 203,000000 36,600000 36,600000 -20,200000
323 1631555203 0,007882 203,000000 38,200000 38,200000 -20,200000
323 1631555204 0,007882 203,000000 39,800000 39,800000 -20,200000
323 1631555205 0,007882 203,000000 41,400000 41,400000 -20,200000
323 1631555206 0,007882 203,000000 43,000000 43,000000 -20,200000
323 1631555207 -0,012720 204,400000 40,400000 40,400000 -20,200000
323 1631555208 -0,012720 204,400000 37,800000 37,800000 -20,200000
323 1631555209 -0,012720 204,400000 35,200000 35,200000 -20,200000
323 1631555210 -0,012720 204,400000 32,600000 32,600000 -20,200000
323 1631555211 -0,012720 204,400000 30,000000 30,000000 -20,200000
323 1631555212 0,004869 205,400000 31,000000 31,000000 -20,200000
323 1631555213 0,004869 205,400000 32,000000 32,000000 -20,200000
323 1631555214 0,004869 205,400000 33,000000 33,000000 -20,200000
323 1631555215 0,004869 205,400000 34,000000 34,000000 -20,200000
323 1631555216 0,004869 205,400000 35,000000 35,000000 -20,200000
323 1631555217 0,002904 206,600000 35,600000 35,600000 -20,200000
323 1631555218 0,002904 206,600000 36,200000 36,200000 -20,200000
323 1631555219 0,002904 206,600000 36,800000 36,800000 -20,200000
323 1631555220 0,002904 206,600000 37,400000 37,400000 -20,200000
323 1631555221 0,002904 206,600000 38,000000 38,000000 -20,200000
323 1631555222 0,004794 208,600000 39,000000 39,000000 -20,200000
323 1631555223 0,004794 208,600000 40,000000 40,000000 -20,200000
323 1631555224 0,004794 208,600000 41,000000 41,000000 -20,200000
323 1631555225 0,004794 208,600000 42,000000 42,000000 -20,200000
323 1631555226 0,004794 208,600000 43,000000 43,000000 -20,200000
323 1631555227 -0,004766 209,800000 42,000000 42,000000 -20,200000
323 1631555228 -0,004766 209,800000 41,000000 41,000000 -20,200000
323 1631555229 -0,004766 209,800000 40,000000 40,000000 -20,200000
323 1631555230 -0,004766 209,800000 39,000000 39,000000 -20,200000
323 1631555231 -0,004766 209,800000 38,000000 38,000000 -20,200000
323 1631555232 -0,009470 211,200000 36,000000 36,000000 -20,200000
323 1631555233 -0,009470 211,200000 34,000000 34,000000 -20,200000
323 1631555234 -0,009470 211,200000 32,000000 32,000000 -20,200000
323 1631555235 -0,009470 211,200000 30,000000 30,000000 -20,200000
323 1631555236 -0,009470 211,200000 28,000000 28,000000 -20,200000
323 1631555237 0,009425 212,200000 30,000000 30,000000 -20,200000
323 1631555238 0,009425 212,200000 32,000000 32,000000 -20,200000
323 1631555239 0,009425 212,200000 34,000000 34,000000 -20,200000
323 1631555240 0,009425 212,200000 36,000000 36,000000 -20,200000
323 1631555241 0,009425 212,200000 38,000000 38,000000 -20,200000
323 1631555242 0,002804 214,000000 38,600000 38,600000 -20,200000
323 1631555243 0,002804 214,000000 39,200000 39,200000 -20,200000
323 1631555244 0,002804 214,000000 39,800000 39,800000 -20,200000
323 1631555245 0,002804 214,000000 40,400000 40,400000 -20,200000
323 1631555246 0,002804 214,000000 41,000000 41,000000 -20,200000
323 1631555247 0,004647 215,200000 42,000000 42,000000 -20,200000
323 1631555248 0,004647 215,200000 43,000000 43,000000 -20,200000
323 1631555249 0,004647 215,200000 44,000000 44,000000 -20,200000
323 1631555250 0,004647 215,200000 45,000000 45,000000 -20,200000
323 1631555251 0,004647 215,200000 46,000000 46,000000 -20,200000
323 1631555252 -0,015683 216,800000 42,600000 42,600000 -20,200000
323 1631555253 -0,015683 216,800000 39,200000 39,200000 -20,200000
323 1631555254 -0,015683 216,800000 35,800000 35,800000 -20,200000
323 1631555255 -0,015683 216,800000 32,400000 32,400000 -20,200000
323 1631555256 -0,015683 216,800000 29,000000 29,000000 -20,200000
323 1631555257 0,006428 217,800000 30,400000 30,400000 -20,200000
323 1631555258 0,006428 217,800000 31,800000 31,800000 -20,200000
323 1631555259 0,006428 217,800000 33,200000 33,200000 -20,200000
323 1631555260 0,006428 217,800000 34,600000 34,600000 -20,200000
323 1631555261 0,006428 217,800000 36,000000 36,000000 -20,200000
323 1631555262 -0,002740 219,000000 35,400000 35,400000 -20,200000
323 1631555263 -0,002740 219,000000 34,800000 34,800000 -20,200000
323 1631555264 -0,002740 219,000000 34,200000 34,200000 -20,200000
323 1631555265 -0,002740 219,000000 33,600000 33,600000 -20,200000
323 1631555266 -0,002740 219,000000 33,000000 33,000000 -20,200000
323 1631555267 0,007266 220,200000 34,600000 34,600000 -20,200000
323 1631555268 0,007266 220,200000 36,200000 36,200000 -20,200000
323 1631555269 0,007266 220,200000 37,800000 37,800000 -20,200000
323 1631555270 0,007266 220,200000 39,400000 39,400000 -20,200000
323 1631555271 0,007266 220,200000 41,000000 41,000000 -20,200000
323 1631555272 0,004509 221,800000 42,000000 42,000000 -20,200000
323 1631555273 0,004509 221,800000 43,000000 43,000000 -20,200000
323 1631555274 0,004509 221,800000 44,000000 44,000000 -20,200000
323 1631555275 0,004509 221,800000 45,000000 45,000000 -20,200000
323 1631555276 0,004509 221,800000 46,000000 46,000000 -20,200000
323 1631555277 -0,010733 223,600000 43,600000 43,600000 -20,200000
323 1631555278 -0,010733 223,600000 41,200000 41,200000 -20,200000
323 1631555279 -0,010733 223,600000 38,800000 38,800000 -20,200000
323 1631555280 -0,010733 223,600000 36,400000 36,400000 -20,200000
323 1631555281 -0,010733 223,600000 34,000000 34,000000 -20,200000
323 1631555282 -0,005343 224,600000 32,800000 32,800000 -20,200000
323 1631555283 -0,005343 224,600000 31,600000 31,600000 -20,200000
323 1631555284 -0,005343 224,600000 30,400000 30,400000 -20,200000
323 1631555285 -0,005343 224,600000 29,200000 29,200000 -20,200000
323 1631555286 -0,005343 224,600000 28,000000 28,000000 -20,200000
323 1631555287 0,007972 225,800000 29,800000 29,800000 -20,200000
323 1631555288 0,007972 225,800000 31,600000 31,600000 -20,200000
323 1631555289 0,007972 225,800000 33,400000 33,400000 -20,200000
323 1631555290 0,007972 225,800000 35,200000 35,200000 -20,200000
323 1631555291 0,007972 225,800000 37,000000 37,000000 -20,200000
323 1631555292 0,006151 227,600000 38,400000 38,400000 -20,200000
323 1631555293 0,006151 227,600000 39,800000 39,800000 -20,200000
323 1631555294 0,006151 227,600000 41,200000 41,200000 -20,200000
323 1631555295 0,006151 227,600000 42,600000 42,600000 -20,200000
323 1631555296 0,006151 227,600000 44,000000 44,000000 -20,200000
323 1631555297 -0,006993 228,800000 42,400000 42,400000 -20,200000
323 1631555298 -0,006993 228,800000 40,800000 40,800000 -20,200000
323 1631555299 -0,006993 228,800000 39,200000 39,200000 -20,200000
323 1631555300 -0,006993 228,800000 37,600000 37,600000 -20,200000
323 1631555301 -0,006993 228,800000 36,000000 36,000000 -20,200000
323 1631555302 0,001741 229,800000 36,400000 36,400000 -20,200000
323 1631555303 0,001741 229,800000 36,800000 36,800000 -20,200000
323 1631555304 0,001741 229,800000 37,200000 37,200000 -20,200000
323 1631555305 0,001741 229,800000 37,600000 37,600000 -20,200000
323 1631555306 0,001741 229,800000 38,000000 38,000000 -20,200000
323 1631555307 -0,004318 231,600000 37,000000 37,000000 -20,200000
323 1631555308 -0,004318 231,600000 36,000000 36,000000 -20,200000
323 1631555309 -0,004318 231,600000 35,000000 35,000000 -20,200000
323 1631555310 -0,004318 231,600000 34,000000 34,000000 -20,200000
323 1631555311 -0,004318 231,600000 33,000000 33,000000 -20,200000
323 1631555312 0,004292 233,000000 34,000000 34,000000 -20,200000
323 1631555313 0,004292 233,000000 35,000000 35,000000 -20,200000
323 1631555314 0,004292 233,000000 36,000000 36,000000 -20,200000
323 1631555315 0,004292 233,000000 37,000000 37,000000 -20,200000
323 1631555316 0,004292 233,000000 38,000000 38,000000 -20,200000
323 1631555317 -0,000853 234,400000 37,800000 37,800000 -20,200000
323 1631555318 -0,000853 234,400000 37,600000 37,600000 -20,200000
323 1631555319 -0,000853 234,400000 37,400000 37,400000 -20,200000
323 1631555320 -0,000853 234,400000 37,200000 37,200000 -20,200000
323 1631555321 -0,000853 234,400000 37,000000 37,000000 -20,200000
323 1631555322 0,000000 235,200000 37,000000 37,000000 -20,200000
323 1631555323 0,000000 235,200000 37,000000 37,000000 -20,200000
323 1631555324 0,000000 235,200000 37,000000 37,000000 -20,200000
323 1631555325 0,000000 235,200000 37,000000 37,000000 -20,200000
323 1631555326 0,000000 235,200000 37,000000 37,000000 -20,200000
323 1631555327 -0,005072 236,600000 35,800000 35,800000 -20,200000
323 1631555328 -0,005072 236,600000 34,600000 34,600000 -20,200000
323 1631555329 -0,005072 236,600000 33,400000 33,400000 -20,200000
323 1631555330 -0,005072 236,600000 32,200000 32,200000 -20,200000
323 1631555331 -0,005072 236,600000 31,000000 31,000000 -20,200000
323 1631555332 0,008418 237,600000 33,000000 33,000000 -20,200000
323 1631555333 0,008418 237,600000 35,000000 35,000000 -20,200000
323 1631555334 0,008418 237,600000 37,000000 37,000000 -20,200000
323 1631555335 0,008418 237,600000 39,000000 39,000000 -20,200000
323 1631555336 0,008418 237,600000 41,000000 41,000000 -20,200000
323 1631555337 -0,004177 239,400000 40,000000 40,000000 -20,200000
323 1631555338 -0,004177 239,400000 39,000000 39,000000 -20,200000
323 1631555339 -0,004177 239,400000 38,000000 38,000000 -20,200000
323 1631555340 -0,004177 239,400000 37,000000 37,000000 -20,200000
323 1631555341 -0,004177 239,400000 36,000000 36,000000 -20,200000
323 1631555342 0,004983 240,800000 37,200000 37,200000 -20,200000
323 1631555343 0,004983 240,800000 38,400000 38,400000 -20,200000
323 1631555344 0,004983 240,800000 39,600000 39,600000 -20,200000
323 1631555345 0,004983 240,800000 40,800000 40,800000 -20,200000
323 1631555346 0,004983 240,800000 42,000000 42,000000 -20,200000
323 1631555347 -0,010735 242,200000 39,400000 39,400000 -20,200000
323 1631555348 -0,010735 242,200000 36,800000 36,800000 -20,200000
323 1631555349 -0,010735 242,200000 34,200000 34,200000 -20,200000
323 1631555350 -0,010735 242,200000 31,600000 31,600000 -20,200000
323 1631555351 -0,010735 242,200000 29,000000 29,000000 -20,200000
323 1631555352 0,005761 243,000000 30,400000 30,400000 -20,200000
323 1631555353 0,005761 243,000000 31,800000 31,800000 -20,200000
323 1631555354 0,005761 243,000000 33,200000 33,200000 -20,200000
323 1631555355 0,005761 243,000000 34,600000 34,600000 -20,200000
323 1631555356 0,005761 243,000000 36,000000 36,000000 -20,200000
323 1631555357 0,007359 244,600000 37,800000 37,800000 -20,200000
323 1631555358 0,007359 244,600000 39,600000 39,600000 -20,200000
323 1631555359 0,007359 244,600000 41,400000 41,400000 -20,200000
323 1631555360 0,007359 244,600000 43,200000 43,200000 -20,200000
323 1631555361 0,007359 244,600000 45,000000 45,000000 -20,200000
323 1631555362 -0,004862 246,800000 43,800000 43,800000 -20,200000
323 1631555363 -0,004862 246,800000 42,600000 42,600000 -20,200000
323 1631555364 -0,004862 246,800000 41,400000 41,400000 -20,200000
323 1631555365 -0,004862 246,800000 40,200000 40,200000 -20,200000
323 1631555366 -0,004862 246,800000 39,000000 39,000000 -20,200000
323 1631555367 -0,004839 248,000000 37,800000 37,800000 -20,200000
323 1631555368 -0,004839 248,000000 36,600000 36,600000 -20,200000
323 1631555369 -0,004839 248,000000 35,400000 35,400000 -20,200000
323 1631555370 -0,004839 248,000000 34,200000 34,200000 -20,200000
323 1631555371 -0,004839 248,000000 33,000000 33,000000 -20,200000
323 1631555372 -0,001605 249,200000 32,600000 32,600000 -20,200000
323 1631555373 -0,001605 249,200000 32,200000 32,200000 -20,200000
323 1631555374 -0,001605 249,200000 31,800000 31,800000 -20,200000
323 1631555375 -0,001605 249,200000 31,400000 31,400000 -20,200000
323 1631555376 -0,001605 249,200000 31,000000 31,000000 -20,200000
323 1631555377 0,003997 250,200000 32,000000 32,000000 -20,200000
323 1631555378 0,003997 250,200000 33,000000 33,000000 -20,200000
323 1631555379 0,003997 250,200000 34,000000 34,000000 -20,200000
323 1631555380 0,003997 250,200000 35,000000 35,000000 -20,200000
323 1631555381 0,003997 250,200000 36,000000 36,000000 -20,200000
323 1631555382 0,003182 251,400000 36,800000 36,800000 -20,200000
323 1631555383 0,003182 251,400000 37,600000 37,600000 -20,200000
323 1631555384 0,003182 251,400000 38,400000 38,400000 -20,200000
323 1631555385 0,003182 251,400000 39,200000 39,200000 -20,200000
323 1631555386 0,003182 251,400000 40,000000 40,000000 -20,200000
323 1631555387 0,002373 252,800000 40,600000 40,600000 -20,200000
323 1631555388 0,002373 252,800000 41,200000 41,200000 -20,200000
323 1631555389 0,002373 252,800000 41,800000 41,800000 -20,200000
323 1631555390 0,002373 252,800000 42,400000 42,400000 -20,200000
323 1631555391 0,002373 252,800000 43,000000 43,000000 -20,200000
323 1631555392 -0,007855 254,600000 41,000000 41,000000 -20,200000
323 1631555393 -0,007855 254,600000 39,000000 39,000000 -20,200000
323 1631555394 -0,007855 254,600000 37,000000 37,000000 -20,200000
323 1631555395 -0,007855 254,600000 35,000000 35,000000 -20,200000
323 1631555396 -0,007855 254,600000 33,000000 33,000000 -20,200000
323 1631555397 -0,001564 255,800000 32,600000 32,600000 -20,200000
323 1631555398 -0,001564 255,800000 32,200000 32,200000 -20,200000
323 1631555399 -0,001564 255,800000 31,800000 31,800000 -20,200000
323 1631555400 -0,001564 255,800000 31,400000 31,400000 -20,200000
323 1631555401 -0,001564 255,800000 31,000000 31,000000 -20,200000
323 1631555402 0,003891 257,000000 32,000000 32,000000 -20,200000
323 1631555403 0,003891 257,000000 33,000000 33,000000 -20,200000
323 1631555404 0,003891 257,000000 34,000000 34,000000 -20,200000
323 1631555405 0,003891 257,000000 35,000000 35,000000 -20,200000
323 1631555406 0,003891 257,000000 36,000000 36,000000 -20,200000
323 1631555407 0,006982 257,800000 37,800000 37,800000 -20,200000
323 1631555408 0,006982 257,800000 39,600000 39,600000 -20,200000
323 1631555409 0,006982 257,800000 41,400000 41,400000 -20,200000
323 1631555410 0,006982 257,800000 43,200000 43,200000 -20,200000
323 1631555411 0,006982 257,800000 45,000000 45,000000 -20,200000
323 1631555412 -0,006918 260,200000 43,200000 43,200000 -20,200000
323 1631555413 -0,006918 260,200000 41,400000 41,400000 -20,200000
323 1631555414 -0,006918 260,200000 39,600000 39,600000 -20,200000
323 1631555415 -0,006918 260,200000 37,800000 37,800000 -20,200000
323 1631555416 -0,006918 260,200000 36,000000 36,000000 -20,200000
323 1631555417 -0,003826 261,400000 35,000000 35,000000 -20,200000
323 1631555418 -0,003826 261,400000 34,000000 34,000000 -20,200000
323 1631555419 -0,003826 261,400000 33,000000 33,000000 -20,200000
323 1631555420 -0,003826 261,400000 32,000000 32,000000 -20,200000
323 1631555421 -0,003826 261,400000 31,000000 31,000000 -20,200000
323 1631555422 -0,001526 262,200000 30,600000 30,600000 -20,200000
323 1631555423 -0,001526 262,200000 30,200000 30,200000 -20,200000
323 1631555424 -0,001526 262,200000 29,800000 29,800000 -20,200000
323 1631555425 -0,001526 262,200000 29,400000 29,400000 -20,200000
323 1631555426 -0,001526 262,200000 29,000000 29,000000 -20,200000
323 1631555427 0,006065 263,800000 30,600000 30,600000 -20,200000
323 1631555428 0,006065 263,800000 32,200000 32,200000 -20,200000
323 1631555429 0,006065 263,800000 33,800000 33,800000 -20,200000
323 1631555430 0,006065 263,800000 35,400000 35,400000 -20,200000
323 1631555431 0,006065 263,800000 37,000000 37,000000 -20,200000
323 1631555432 -0,002264 265,000000 36,400000 36,400000 -20,200000
323 1631555433 -0,002264 265,000000 35,800000 35,800000 -20,200000
323 1631555434 -0,002264 265,000000 35,200000 35,200000 -20,200000
323 1631555435 -0,002264 265,000000 34,600000 34,600000 -20,200000
323 1631555436 -0,002264 265,000000 34,000000 34,000000 -20,200000
323 1631555437 -0,001500 266,600000 33,600000 33,600000 -20,200000
323 1631555438 -0,001500 266,600000 33,200000 33,200000 -20,200000
323 1631555439 -0,001500 266,600000 32,800000 32,800000 -20,200000
323 1631555440 -0,001500 266,600000 32,400000 32,400000 -20,200000
323 1631555441 -0,001500 266,600000 32,000000 32,000000 -20,200000
323 1631555442 0,005979 267,600000 33,600000 33,600000 -20,200000
323 1631555443 0,005979 267,600000 35,200000 35,200000 -20,200000
323 1631555444 0,005979 267,600000 36,800000 36,800000 -20,200000
323 1631555445 0,005979 267,600000 38,400000 38,400000 -20,200000
323 1631555446 0,005979 267,600000 40,000000 40,000000 -20,200000
323 1631555447 -0,008166 269,400000 37,800000 37,800000 -20,200000
323 1631555448 -0,008166 269,400000 35,600000 35,600000 -20,200000
323 1631555449 -0,008166 269,400000 33,400000 33,400000 -20,200000
323 1631555450 -0,008166 269,400000 31,200000 31,200000 -20,200000
323 1631555451 -0,008166 269,400000 29,000000 29,000000 -20,200000
323 1631555452 0,009608 270,600000 31,600000 31,600000 -20,200000
323 1631555453 0,009608 270,600000 34,200000 34,200000 -20,200000
323 1631555454 0,009608 270,600000 36,800000 36,800000 -20,200000
323 1631555455 0,009608 270,600000 39,400000 39,400000 -20,200000
323 1631555456 0,009608 270,600000 42,000000 42,000000 -20,200000
323 1631555457 -0,000735 272,000000 41,800000 41,800000 -20,200000
323 1631555458 -0,000735 272,000000 41,600000 41,600000 -20,200000
323 1631555459 -0,000735 272,000000 41,400000 41,400000 -20,200000
323 1631555460 -0,000735 272,000000 41,200000 41,200000 -20,200000
323 1631555461 -0,000735 272,000000 41,000000 41,000000 -20,200000
323 1631555462 -0,005848 273,600000 39,400000 39,400000 -20,200000
323 1631555463 -0,005848 273,600000 37,800000 37,800000 -20,200000
323 1631555464 -0,005848 273,600000 36,200000 36,200000 -20,200000
323 1631555465 -0,005848 273,600000 34,600000 34,600000 -20,200000
323 1631555466 -0,005848 273,600000 33,000000 33,000000 -20,200000
323 1631555467 0,001458 274,400000 33,400000 33,400000 -20,200000
323 1631555468 0,001458 274,400000 33,800000 33,800000 -20,200000
323 1631555469 0,001458 274,400000 34,200000 34,200000 -20,200000
323 1631555470 0,001458 274,400000 34,600000 34,600000 -20,200000
323 1631555471 0,001458 274,400000 35,000000 35,000000 -20,200000
323 1631555472 0,005810 275,400000 36,600000 36,600000 -20,200000
323 1631555473 0,005810 275,400000 38,200000 38,200000 -20,200000
323 1631555474 0,005810 275,400000 39,800000 39,800000 -20,200000
323 1631555475 0,005810 275,400000 41,400000 41,400000 -20,200000
323 1631555476 0,005810 275,400000 43,000000 43,000000 -20,200000
323 1631555477 -0,003605 277,400000 42,000000 42,000000 -20,200000
323 1631555478 -0,003605 277,400000 41,000000 41,000000 -20,200000
323 1631555479 -0,003605 277,400000 40,000000 40,000000 -20,200000
323 1631555480 -0,003605 277,400000 39,000000 39,000000 -20,200000
323 1631555481 -0,003605 277,400000 38,000000 38,000000 -20,200000
323 1631555482 -0,001434 279,000000 37,600000 37,600000 -20,200000
323 1631555483 -0,001434 279,000000 37,200000 37,200000 -20,200000
323 1631555484 -0,001434 279,000000 36,800000 36,800000 -20,200000
323 1631555485 -0,001434 279,000000 36,400000 36,400000 -20,200000
323 1631555486 -0,001434 279,000000 36,000000 36,000000 -20,200000
323 1631555487 -0,004286 280,000000 34,800000 34,800000 -20,200000
323 1631555488 -0,004286 280,000000 33,600000 33,600000 -20,200000
323 1631555489 -0,004286 280,000000 32,400000 32,400000 -20,200000
323 1631555490 -0,004286 280,000000 31,200000 31,200000 -20,200000
323 1631555491 -0,004286 280,000000 30,000000 30,000000 -20,200000
323 1631555492 0,004979 281,200000 31,400000 31,400000 -20,200000
323 1631555493 0,004979 281,200000 32,800000 32,800000 -20,200000
323 1631555494 0,004979 281,200000 34,200000 34,200000 -20,200000
323 1631555495 0,004979 281,200000 35,600000 35,600000 -20,200000
323 1631555496 0,004979 281,200000 37,000000 37,000000 -20,200000
323 1631555497 0,000708 282,600000 37,200000 37,200000 -20,200000
323 1631555498 0,000708 282,600000 37,400000 37,400000 -20,200000
323 1631555499 0,000708 282,600000 37,600000 37,600000 -20,200000
323 1631555500 0,000708 282,600000 37,800000 37,800000 -20,200000
323 1631555501 0,000708 282,600000 38,000000 38,000000 -20,200000
323 1631555502 -0,000704 284,200000 37,800000 37,800000 -20,200000
323 1631555503 -0,000704 284,200000 37,600000 37,600000 -20,200000
323 1631555504 -0,000704 284,200000 37,400000 37,400000 -20,200000
323 1631555505 -0,000704 284,200000 37,200000 37,200000 -20,200000
323 1631555506 -0,000704 284,200000 37,000000 37,000000 -20,200000
323 1631555507 -0,004202 285,600000 35,800000 35,800000 -20,200000
323 1631555508 -0,004202 285,600000 34,600000 34,600000 -20,200000
323 1631555509 -0,004202 285,600000 33,400000 33,400000 -20,200000
323 1631555510 -0,004202 285,600000 32,200000 32,200000 -20,200000
323 1631555511 -0,004202 285,600000 31,000000 31,000000 -20,200000
323 1631555512 0,000697 286,800000 31,200000 31,200000 -20,200000
323 1631555513 0,000697 286,800000 31,400000 31,400000 -20,200000
323 1631555514 0,000697 286,800000 31,600000 31,600000 -20,200000
323 1631555515 0,000697 286,800000 31,800000 31,800000 -20,200000
323 1631555516 0,000697 286,800000 32,000000 32,000000 -20,200000
323 1631555517 0,002778 288,000000 32,800000 32,800000 -20,200000
323 1631555518 0,002778 288,000000 33,600000 33,600000 -20,200000
323 1631555519 0,002778 288,000000 34,400000 34,400000 -20,200000
323 1631555520 0,002778 288,000000 35,200000 35,200000 -20,200000
323 1631555521 0,002778 288,000000 36,000000 36,000000 -20,200000
323 1631555522 0,003455 289,400000 37,000000 37,000000 -20,200000
323 1631555523 0,003455 289,400000 38,000000 38,000000 -20,200000
323 1631555524 0,003455 289,400000 39,000000 39,000000 -20,200000
323 1631555525 0,003455 289,400000 40,000000 40,000000 -20,200000
323 1631555526 0,003455 289,400000 41,000000 41,000000 -20,200000
323 1631555527 0,000688 290,600000 41,200000 41,200000 -20,200000
323 1631555528 0,000688 290,600000 41,400000 41,400000 -20,200000
323 1631555529 0,000688 290,600000 41,600000 41,600000 -20,200000
323 1631555530 0,000688 290,600000 41,800000 41,800000 -20,200000
323 1631555531 0,000688 290,600000 42,000000 42,000000 -20,200000
323 1631555532 -0,011612 292,800000 38,600000 38,600000 -20,200000
323 1631555533 -0,011612 292,800000 35,200000 35,200000 -20,200000
323 1631555534 -0,011612 292,800000 31,800000 31,800000 -20,200000
323 1631555535 -0,011612 292,800000 28,400000 28,400000 -20,200000
323 1631555536 -0,011612 292,800000 25,000000 25,000000 -20,200000
323 1631555537 0,007493 293,600000 27,200000 27,200000 -20,200000
323 1631555538 0,007493 293,600000 29,400000 29,400000 -20,200000
323 1631555539 0,007493 293,600000 31,600000 31,600000 -20,200000
323 1631555540 0,007493 293,600000 33,800000 33,800000 -20,200000
323 1631555541 0,007493 293,600000 36,000000 36,000000 -20,200000
323 1631555542 0,001357 294,800000 36,400000 36,400000 -20,200000
323 1631555543 0,001357 294,800000 36,800000 36,800000 -20,200000
323 1631555544 0,001357 294,800000 37,200000 37,200000 -20,200000
323 1631555545 0,001357 294,800000 37,600000 37,600000 -20,200000
323 1631555546 0,001357 294,800000 38,000000 38,000000 -20,200000
323 1631555547 0,000675 296,200000 38,200000 38,200000 -20,200000
323 1631555548 0,000675 296,200000 38,400000 38,400000 -20,200000
323 1631555549 0,000675 296,200000 38,600000 38,600000 -20,200000
323 1631555550 0,000675 296,200000 38,800000 38,800000 -20,200000
323 1631555551 0,000675 296,200000 39,000000 39,000000 -20,200000
323 1631555552 -0,003360 297,600000 38,000000 38,000000 -20,200000
323 1631555553 -0,003360 297,600000 37,000000 37,000000 -20,200000
323 1631555554 -0,003360 297,600000 36,000000 36,000000 -20,200000
323 1631555555 -0,003360 297,600000 35,000000 35,000000 -20,200000
323 1631555556 -0,003360 297,600000 34,000000 34,000000 -20,200000
323 1631555557 -0,002005 299,200000 33,400000 33,400000 -20,200000
323 1631555558 -0,002005 299,200000 32,800000 32,800000 -20,200000
323 1631555559 -0,002005 299,200000 32,200000 32,200000 -20,200000
323 1631555560 -0,002005 299,200000 31,600000 31,600000 -20,200000
323 1631555561 -0,002005 299,200000 31,000000 31,000000 -20,200000
323 1631555623 0,000000 0,500000 38,000000 38,000000 5100,500000
323 1631555622 0,000000 0,500000 38,000000 38,000000 5100,500000
323 1631555621 -9,000000 0,200000 38,000000 38,000000 2040,848000
323 1631555620 -9,000000 0,200000 39,800000 39,800000 2040,848000
323 1631555619 -9,000000 0,200000 41,600000 41,600000 2040,848000
323 1631555618 -9,000000 0,200000 43,400000 43,400000 2040,848000
323 1631555617 -9,000000 0,200000 45,200000 45,200000 2040,848000
323 1631555616 10,000000 0,200000 47,000000 47,000000 2041,000000
323 1631555615 10,000000 0,200000 45,000000 45,000000 2041,000000
323 1631555614 10,000000 0,200000 43,000000 43,000000 2041,000000
323 1631555613 10,000000 0,200000 41,000000 41,000000 2041,000000
323 1631555612 10,000000 0,200000 39,000000 39,000000 2041,000000
323 1631555611 3,000000 0,200000 37,000000 37,000000 2040,272000
323 1631555610 3,000000 0,200000 36,400000 36,400000 2040,272000
323 1631555609 3,000000 0,200000 35,800000 35,800000 2040,272000
323 1631555608 3,000000 0,200000 35,200000 35,200000 2040,272000
323 1631555607 3,000000 0,200000 34,600000 34,600000 2040,272000
323 1631555606 -2,000000 0,200000 34,000000 34,000000 2040,232000
323 1631555605 -2,000000 0,200000 34,400000 34,400000 2040,232000
323 1631555604 -2,000000 0,200000 34,800000 34,800000 2040,232000
323 1631555603 -2,000000 0,200000 35,200000 35,200000 2040,232000
323 1631555602 -2,000000 0,200000 35,600000 35,600000 2040,232000
323 1631555601 -4,000000 0,200000 36,000000 36,000000 2040,328000
323 1631555600 -4,000000 0,200000 36,800000 36,800000 2040,328000
323 1631555599 -4,000000 0,200000 37,600000 37,600000 2040,328000
323 1631555598 -4,000000 0,200000 38,400000 38,400000 2040,328000
323 1631555597 -4,000000 0,200000 39,200000 39,200000 2040,328000
323 1631555596 4,000000 0,200000 40,000000 40,000000 2040,328000
323 1631555595 4,000000 0,200000 39,200000 39,200000 2040,328000
323 1631555594 4,000000 0,200000 38,400000 38,400000 2040,328000
323 1631555593 4,000000 0,200000 37,600000 37,600000 2040,328000
323 1631555592 4,000000 0,200000 36,800000 36,800000 2040,328000
323 1631555591 -2,000000 0,200000 36,000000 36,000000 2040,232000
323 1631555590 -2,000000 0,200000 36,400000 36,400000 2040,232000
323 1631555589 -2,000000 0,200000 36,800000 36,800000 2040,232000
323 1631555588 -2,000000 0,200000 37,200000 37,200000 2040,232000
323 1631555587 -2,000000 0,200000 37,600000 37,600000 2040,232000
323 1631555586 5,000000 0,200000 38,000000 38,000000 2040,400000
323 1631555585 5,000000 0,200000 37,000000 37,000000 2040,400000
323 1631555584 5,000000 0,200000 36,000000 36,000000 2040,400000
323 1631555583 5,000000 0,200000 35,000000 35,000000 2040,400000
323 1631555582 5,000000 0,200000 34,000000 34,000000 2040,400000
323 1631555581 -6,000000 0,200000 33,000000 33,000000 2040,488000
323 1631555580 -6,000000 0,200000 34,200000 34,200000 2040,488000
323 1631555579 -6,000000 0,200000 35,400000 35,400000 2040,488000
323 1631555578 -6,000000 0,200000 36,600000 36,600000 2040,488000
323 1631555577 -6,000000 0,200000 37,800000 37,800000 2040,488000
323 1631555576 2,000000 0,200000 39,000000 39,000000 2040,232000
323 1631555575 2,000000 0,200000 38,600000 38,600000 2040,232000
323 1631555574 2,000000 0,200000 38,200000 38,200000 2040,232000
323 1631555573 2,000000 0,200000 37,800000 37,800000 2040,232000
323 1631555572 2,000000 0,200000 37,400000 37,400000 2040,232000
323 1631555571 2,000000 0,200000 37,000000 37,000000 2040,232000
323 1631555570 2,000000 0,200000 36,600000 36,600000 2040,232000
323 1631555569 2,000000 0,200000 36,200000 36,200000 2040,232000
323 1631555568 2,000000 0,200000 35,800000 35,800000 2040,232000
323 1631555567 2,000000 0,200000 35,400000 35,400000 2040,232000
323 1631555566 4,000000 0,200000 35,000000 35,000000 2040,328000
323 1631555565 4,000000 0,200000 34,200000 34,200000 2040,328000
323 1631555564 4,000000 0,200000 33,400000 33,400000 2040,328000
323 1631555563 4,000000 0,200000 32,600000 32,600000 2040,328000
323 1631555562 4,000000 0,200000 31,800000 31,800000 2040,328000
323 1631555562 0,002667 300,000000 31,800000 31,800000 -20,200000
323 1631555563 0,002667 300,000000 32,600000 32,600000 -20,200000
323 1631555564 0,002667 300,000000 33,400000 33,400000 -20,200000
323 1631555565 0,002667 300,000000 34,200000 34,200000 -20,200000
323 1631555566 0,002667 300,000000 35,000000 35,000000 -20,200000
323 1631555567 0,001326 301,600000 35,400000 35,400000 -20,200000
323 1631555568 0,001326 301,600000 35,800000 35,800000 -20,200000
323 1631555569 0,001326 301,600000 36,200000 36,200000 -20,200000
323 1631555570 0,001326 301,600000 36,600000 36,600000 -20,200000
323 1631555571 0,001326 301,600000 37,000000 37,000000 -20,200000
323 1631555572 0,001322 302,600000 37,400000 37,400000 -20,200000
323 1631555573 0,001322 302,600000 37,800000 37,800000 -20,200000
323 1631555574 0,001322 302,600000 38,200000 38,200000 -20,200000
323 1631555575 0,001322 302,600000 38,600000 38,600000 -20,200000
323 1631555576 0,001322 302,600000 39,000000 39,000000 -20,200000
323 1631555577 -0,003942 304,400000 37,800000 37,800000 -20,200000
323 1631555578 -0,003942 304,400000 36,600000 36,600000 -20,200000
323 1631555579 -0,003942 304,400000 35,400000 35,400000 -20,200000
323 1631555580 -0,003942 304,400000 34,200000 34,200000 -20,200000
323 1631555581 -0,003942 304,400000 33,000000 33,000000 -20,200000
323 1631555582 0,003270 305,800000 34,000000 34,000000 -20,200000
323 1631555583 0,003270 305,800000 35,000000 35,000000 -20,200000
323 1631555584 0,003270 305,800000 36,000000 36,000000 -20,200000
323 1631555585 0,003270 305,800000 37,000000 37,000000 -20,200000
323 1631555586 0,003270 305,800000 38,000000 38,000000 -20,200000
323 1631555587 -0,001301 307,400000 37,600000 37,600000 -20,200000
323 1631555588 -0,001301 307,400000 37,200000 37,200000 -20,200000
323 1631555589 -0,001301 307,400000 36,800000 36,800000 -20,200000
323 1631555590 -0,001301 307,400000 36,400000 36,400000 -20,200000
323 1631555591 -0,001301 307,400000 36,000000 36,000000 -20,200000
323 1631555592 0,002594 308,400000 36,800000 36,800000 -20,200000
323 1631555593 0,002594 308,400000 37,600000 37,600000 -20,200000
323 1631555594 0,002594 308,400000 38,400000 38,400000 -20,200000
323 1631555595 0,002594 308,400000 39,200000 39,200000 -20,200000
323 1631555596 0,002594 308,400000 40,000000 40,000000 -20,200000
323 1631555597 -0,002582 309,800000 39,200000 39,200000 -20,200000
323 1631555598 -0,002582 309,800000 38,400000 38,400000 -20,200000
323 1631555599 -0,002582 309,800000 37,600000 37,600000 -20,200000
323 1631555600 -0,002582 309,800000 36,800000 36,800000 -20,200000
323 1631555601 -0,002582 309,800000 36,000000 36,000000 -20,200000
323 1631555602 -0,001286 311,000000 35,600000 35,600000 -20,200000
323 1631555603 -0,001286 311,000000 35,200000 35,200000 -20,200000
323 1631555604 -0,001286 311,000000 34,800000 34,800000 -20,200000
323 1631555605 -0,001286 311,000000 34,400000 34,400000 -20,200000
323 1631555606 -0,001286 311,000000 34,000000 34,000000 -20,200000
323 1631555607 0,001922 312,200000 34,600000 34,600000 -20,200000
323 1631555608 0,001922 312,200000 35,200000 35,200000 -20,200000
323 1631555609 0,001922 312,200000 35,800000 35,800000 -20,200000
323 1631555610 0,001922 312,200000 36,400000 36,400000 -20,200000
323 1631555611 0,001922 312,200000 37,000000 37,000000 -20,200000
323 1631555612 0,006382 313,400000 39,000000 39,000000 -20,200000
323 1631555613 0,006382 313,400000 41,000000 41,000000 -20,200000
323 1631555614 0,006382 313,400000 43,000000 43,000000 -20,200000
323 1631555615 0,006382 313,400000 45,000000 45,000000 -20,200000
323 1631555616 0,006382 313,400000 47,000000 47,000000 -20,200000
323 1631555617 -0,005707 315,400000 45,200000 45,200000 -20,200000
323 1631555618 -0,005707 315,400000 43,400000 43,400000 -20,200000
323 1631555619 -0,005707 315,400000 41,600000 41,600000 -20,200000
323 1631555620 -0,005707 315,400000 39,800000 39,800000 -20,200000
323 1631555621 -0,005707 315,400000 38,000000 38,000000 -20,200000
323 1631555622 -0,000632 316,400000 37,800000 37,800000 -20,200000
323 1631555623 -0,000632 316,400000 37,600000 37,600000 -20,200000
323 1631555624 -0,000632 316,400000 37,400000 37,400000 -20,200000
323 1631555625 -0,000632 316,400000 37,200000 37,200000 -20,200000
323 1631555626 -0,000632 316,400000 37,000000 37,000000 -20,200000
323 1631555627 -0,003776 317,800000 35,800000 35,800000 -20,200000
323 1631555628 -0,003776 317,800000 34,600000 34,600000 -20,200000
323 1631555629 -0,003776 317,800000 33,400000 33,400000 -20,200000
323 1631555630 -0,003776 317,800000 32,200000 32,200000 -20,200000
323 1631555631 -0,003776 317,800000 31,000000 31,000000 -20,200000
323 1631555632 0,006892 319,200000 33,200000 33,200000 -20,200000
323 1631555633 0,006892 319,200000 35,400000 35,400000 -20,200000
323 1631555634 0,006892 319,200000 37,600000 37,600000 -20,200000
323 1631555635 0,006892 319,200000 39,800000 39,800000 -20,200000
323 1631555636 0,006892 319,200000 42,000000 42,000000 -20,200000
323 1631555637 0,000624 320,400000 42,200000 42,200000 -20,200000
323 1631555638 0,000624 320,400000 42,400000 42,400000 -20,200000
323 1631555639 0,000624 320,400000 42,600000 42,600000 -20,200000
323 1631555640 0,000624 320,400000 42,800000 42,800000 -20,200000
323 1631555641 0,000624 320,400000 43,000000 43,000000 -20,200000
323 1631555642 -0,005583 322,400000 41,200000 41,200000 -20,200000
323 1631555643 -0,005583 322,400000 39,400000 39,400000 -20,200000
323 1631555644 -0,005583 322,400000 37,600000 37,600000 -20,200000
323 1631555645 -0,005583 322,400000 35,800000 35,800000 -20,200000
323 1631555646 -0,005583 322,400000 34,000000 34,000000 -20,200000
323 1631555647 -0,001238 323,200000 33,600000 33,600000 -20,200000
323 1631555648 -0,001238 323,200000 33,200000 33,200000 -20,200000
323 1631555649 -0,001238 323,200000 32,800000 32,800000 -20,200000
323 1631555650 -0,001238 323,200000 32,400000 32,400000 -20,200000
323 1631555651 -0,001238 323,200000 32,000000 32,000000 -20,200000
323 1631555652 0,000000 325,000000 32,000000 32,000000 -20,200000
323 1631555653 0,000000 325,000000 32,000000 32,000000 -20,200000
323 1631555654 0,000000 325,000000 32,000000 32,000000 -20,200000
323 1631555655 0,000000 325,000000 32,000000 32,000000 -20,200000
323 1631555656 0,000000 325,000000 32,000000 32,000000 -20,200000
323 1631555657 0,005525 325,800000 33,800000 33,800000 -20,200000
323 1631555658 0,005525 325,800000 35,600000 35,600000 -20,200000
323 1631555659 0,005525 325,800000 37,400000 37,400000 -20,200000
323 1631555660 0,005525 325,800000 39,200000 39,200000 -20,200000
323 1631555661 0,005525 325,800000 41,000000 41,000000 -20,200000
323 1631555662 -0,000611 327,200000 40,800000 40,800000 -20,200000
323 1631555663 -0,000611 327,200000 40,600000 40,600000 -20,200000
323 1631555664 -0,000611 327,200000 40,400000 40,400000 -20,200000
323 1631555665 -0,000611 327,200000 40,200000 40,200000 -20,200000
323 1631555666 -0,000611 327,200000 40,000000 40,000000 -20,200000
323 1631555667 0,000000 328,800000 40,000000 40,000000 -20,200000
323 1631555668 0,000000 328,800000 40,000000 40,000000 -20,200000
323 1631555669 0,000000 328,800000 40,000000 40,000000 -20,200000
323 1631555670 0,000000 328,800000 40,000000 40,000000 -20,200000
323 1631555671 0,000000 328,800000 40,000000 40,000000 -20,200000
323 1631555672 -0,008480 330,200000 37,200000 37,200000 -20,200000
323 1631555673 -0,008480 330,200000 34,400000 34,400000 -20,200000
323 1631555674 -0,008480 330,200000 31,600000 31,600000 -20,200000
323 1631555675 -0,008480 330,200000 28,800000 28,800000 -20,200000
323 1631555676 -0,008480 330,200000 26,000000 26,000000 -20,200000
323 1631555677 0,007846 331,400000 28,600000 28,600000 -20,200000
323 1631555678 0,007846 331,400000 31,200000 31,200000 -20,200000
323 1631555679 0,007846 331,400000 33,800000 33,800000 -20,200000
323 1631555680 0,007846 331,400000 36,400000 36,400000 -20,200000
323 1631555681 0,007846 331,400000 39,000000 39,000000 -20,200000
323 1631555682 0,002407 332,400000 39,800000 39,800000 -20,200000
323 1631555683 0,002407 332,400000 40,600000 40,600000 -20,200000
323 1631555684 0,002407 332,400000 41,400000 41,400000 -20,200000
323 1631555685 0,002407 332,400000 42,200000 42,200000 -20,200000
323 1631555686 0,002407 332,400000 43,000000 43,000000 -20,200000
323 1631555687 -0,001199 333,600000 42,600000 42,600000 -20,200000
323 1631555688 -0,001199 333,600000 42,200000 42,200000 -20,200000
323 1631555689 -0,001199 333,600000 41,800000 41,800000 -20,200000
323 1631555690 -0,001199 333,600000 41,400000 41,400000 -20,200000
323 1631555691 -0,001199 333,600000 41,000000 41,000000 -20,200000
323 1631555692 -0,004770 335,400000 39,400000 39,400000 -20,200000
323 1631555693 -0,004770 335,400000 37,800000 37,800000 -20,200000
323 1631555694 -0,004770 335,400000 36,200000 36,200000 -20,200000
323 1631555695 -0,004770 335,400000 34,600000 34,600000 -20,200000
323 1631555696 -0,004770 335,400000 33,000000 33,000000 -20,200000
323 1631555697 0,001187 337,000000 33,400000 33,400000 -20,200000
323 1631555698 0,001187 337,000000 33,800000 33,800000 -20,200000
323 1631555699 0,001187 337,000000 34,200000 34,200000 -20,200000
323 1631555700 0,001187 337,000000 34,600000 34,600000 -20,200000
323 1631555701 0,001187 337,000000 35,000000 35,000000 -20,200000
323 1631555763 -1,000000 0,500000 0,000000 0,000000 5100,625000
323 1631555762 -1,000000 0,500000 0,500000 0,500000 5100,625000
323 1631555761 -5,000000 0,200000 1,000000 1,000000 2040,400000
323 1631555760 -5,000000 0,200000 2,000000 2,000000 2040,400000
323 1631555759 -5,000000 0,200000 3,000000 3,000000 2040,400000
323 1631555758 -5,000000 0,200000 4,000000 4,000000 2040,400000
323 1631555757 -5,000000 0,200000 5,000000 5,000000 2040,400000
323 1631555756 0,000000 0,200000 6,000000 6,000000 2040,200000
323 1631555755 0,000000 0,200000 6,000000 6,000000 2040,200000
323 1631555754 0,000000 0,200000 6,000000 6,000000 2040,200000
323 1631555753 0,000000 0,200000 6,000000 6,000000 2040,200000
323 1631555752 0,000000 0,200000 6,000000 6,000000 2040,200000
323 1631555751 2,000000 0,200000 6,000000 6,000000 2040,232000
323 1631555750 2,000000 0,200000 5,600000 5,600000 2040,232000
323 1631555749 2,000000 0,200000 5,200000 5,200000 2040,232000
323 1631555748 2,000000 0,200000 4,800000 4,800000 2040,232000
323 1631555747 2,000000 0,200000 4,400000 4,400000 2040,232000
323 1631555746 -1,000000 0,200000 4,000000 4,000000 2040,208000
323 1631555745 -1,000000 0,200000 4,200000 4,200000 2040,208000
323 1631555744 -1,000000 0,200000 4,400000 4,400000 2040,208000
323 1631555743 -1,000000 0,200000 4,600000 4,600000 2040,208000
323 1631555742 -1,000000 0,200000 4,800000 4,800000 2040,208000
323 1631555741 -9,000000 0,200000 5,000000 5,000000 2040,848000
323 1631555740 -9,000000 0,200000 6,800000 6,800000 2040,848000
323 1631555739 -9,000000 0,200000 8,600000 8,600000 2040,848000
323 1631555738 -9,000000 0,200000 10,400000 10,400000 2040,848000
323 1631555737 -9,000000 0,200000 12,200000 12,200000 2040,848000
323 1631555736 1,000000 0,200000 14,000000 14,000000 2040,208000
323 1631555735 1,000000 0,200000 13,800000 13,800000 2040,208000
323 1631555734 1,000000 0,200000 13,600000 13,600000 2040,208000
323 1631555733 1,000000 0,200000 13,400000 13,400000 2040,208000
323 1631555732 1,000000 0,200000 13,200000 13,200000 2040,208000
323 1631555731 -10,000000 0,200000 13,000000 13,000000 2041,000000
323 1631555730 -10,000000 0,200000 15,000000 15,000000 2041,000000
323 1631555729 -10,000000 0,200000 17,000000 17,000000 2041,000000
323 1631555728 -10,000000 0,200000 19,000000 19,000000 2041,000000
323 1631555727 -10,000000 0,200000 21,000000 21,000000 2041,000000
323 1631555726 2,000000 0,200000 23,000000 23,000000 2040,232000
323 1631555725 2,000000 0,200000 22,600000 22,600000 2040,232000
323 1631555724 2,000000 0,200000 22,200000 22,200000 2040,232000
323 1631555723 2,000000 0,200000 21,800000 21,800000 2040,232000
323 1631555722 2,000000 0,200000 21,400000 21,400000 2040,232000
323 1631555721 -1,000000 0,200000 21,000000 21,000000 2040,208000
323 1631555720 -1,000000 0,200000 21,200000 21,200000 2040,208000
323 1631555719 -1,000000 0,200000 21,400000 21,400000 2040,208000
323 1631555718 -1,000000 0,200000 21,600000 21,600000 2040,208000
323 1631555717 -1,000000 0,200000 21,800000 21,800000 2040,208000
323 1631555716 -1,000000 0,200000 22,000000 22,000000 2040,208000
323 1631555715 -1,000000 0,200000 22,200000 22,200000 2040,208000
323 1631555714 -1,000000 0,200000 22,400000 22,400000 2040,208000
323 1631555713 -1,000000 0,200000 22,600000 22,600000 2040,208000
323 1631555712 -1,000000 0,200000 22,800000 22,800000 2040,208000
323 1631555711 -6,000000 0,200000 23,000000 23,000000 2040,488000
323 1631555710 -6,000000 0,200000 24,200000 24,200000 2040,488000
323 1631555709 -6,000000 0,200000 25,400000 25,400000 2040,488000
323 1631555708 -6,000000 0,200000 26,600000 26,600000 2040,488000
323 1631555707 -6,000000 0,200000 27,800000 27,800000 2040,488000
323 1631555706 -6,000000 0,200000 29,000000 29,000000 2040,488000
323 1631555705 -6,000000 0,200000 30,200000 30,200000 2040,488000
323 1631555704 -6,000000 0,200000 31,400000 31,400000 2040,488000
323 1631555703 -6,000000 0,200000 32,600000 32,600000 2040,488000
323 1631555702 -6,000000 0,200000 33,800000 33,800000 2040,488000
