298 1631554427 2,200000 -1,000000 -101,000000 0,000000 0,000000
298 1631554428 2,200000 -1,000000 -101,000000 0,000000 0,000000
298 1631554429 2,200000 -1,000000 -101,000000 0,000000 0,000000
298 1631554430 2,200000 -1,000000 -101,000000 0,000000 0,000000
298 1631554431 2,200000 -1,000000 -101,000000 0,000000 0,000000
298 1631554432 0,600000 -1,000000 -101,000000 0,000000 0,000000
298 1631554433 0,600000 -1,000000 -101,000000 0,000000 0,000000
298 1631554434 0,600000 -1,000000 -101,000000 0,000000 0,000000
298 1631554435 0,600000 -1,000000 -101,000000 0,000000 0,000000
298 1631554436 0,600000 -1,000000 -101,000000 0,000000 0,000000
298 1631554437 0,800000 -1,000000 -101,000000 0,000000 0,000000
298 1631554438 0,800000 -1,000000 -101,000000 0,000000 0,000000
298 1631554439 0,800000 -1,000000 -101,000000 0,000000 0,000000
298 1631554440 0,800000 -1,000000 -101,000000 0,000000 0,000000
298 1631554441 0,800000 -1,000000 -101,000000 0,000000 0,000000
298 1631554442 0,800000 -1,000000 -101,000000 0,000000 0,000000
298 1631554443 0,800000 -1,000000 -101,000000 0,000000 0,000000
298 1631554444 0,800000 -1,000000 -101,000000 0,000000 0,000000
298 1631554445 0,800000 -1,000000 -101,000000 0,000000 0,000000
298 1631554446 0,800000 -1,000000 -101,000000 0,000000 0,000000
298 1631554447 1,200000 -1,000000 -101,000000 0,000000 0,000000
298 1631554448 1,200000 -1,000000 -101,000000 0,000000 0,000000
298 1631554449 1,200000 -1,000000 -101,000000 0,000000 0,000000
298 1631554450 1,200000 -1,000000 -101,000000 0,000000 0,000000
298 1631554451 1,200000 -1,000000 -101,000000 0,000000 0,000000
298 1631554452 2,000000 -1,000000 -101,000000 0,000000 0,000000
298 1631554453 2,000000 -1,000000 -101,000000 0,000000 0,000000
298 1631554454 2,000000 -1,000000 -101,000000 0,000000 0,000000
298 1631554455 2,000000 -1,000000 -101,000000 0,000000 0,000000
298 1631554456 2,000000 -1,000000 -101,000000 0,000000 0,000000
298 1631554457 1,200000 -1,000000 -101,000000 0,000000 0,000000
298 1631554458 1,200000 -1,000000 -101,000000 0,000000 0,000000
298 1631554459 1,200000 -1,000000 -101,000000 0,000000 0,000000
298 1631554460 1,200000 -1,000000 -101,000000 0,000000 0,000000
298 1631554461 1,200000 -1,000000 -101,000000 0,000000 0,000000
298 1631554462 3,000000 -1,000000 -101,000000 0,000000 0,000000
298 1631554463 3,000000 -1,000000 -101,000000 0,000000 0,000000
298 1631554464 3,000000 -1,000000 -101,000000 0,000000 0,000000
298 1631554465 3,000000 -1,000000 -101,000000 0,000000 0,000000
298 1631554466 3,000000 -1,000000 -101,000000 0,000000 0,000000
298 1631554467 1,800000 -1,000000 -101,000000 0,000000 0,000000
298 1631554468 1,800000 -1,000000 -101,000000 0,000000 0,000000
298 1631554469 1,800000 -1,000000 -101,000000 0,000000 0,000000
298 1631554470 1,800000 -1,000000 -101,000000 0,000000 0,000000
298 1631554471 1,800000 -1,000000 -101,000000 0,000000 0,000000
298 1631554472 2,400000 -1,000000 -101,000000 0,000000 0,000000
298 1631554473 2,400000 -1,000000 -101,000000 0,000000 0,000000
298 1631554474 2,400000 -1,000000 -101,000000 0,000000 0,000000
298 1631554475 2,400000 -1,000000 -101,000000 0,000000 0,000000
298 1631554476 2,400000 -1,000000 -101,000000 0,000000 0,000000
298 1631554477 4,200000 -1,000000 -101,000000 0,000000 0,000000
298 1631554478 4,200000 -1,000000 -101,000000 0,000000 0,000000
298 1631554479 4,200000 -1,000000 -101,000000 0,000000 0,000000
298 1631554480 4,200000 -1,000000 -101,000000 0,000000 0,000000
298 1631554481 4,200000 -1,000000 -101,000000 0,000000 0,000000
298 1631554482 2,400000 -1,000000 -101,000000 0,000000 0,000000
298 1631554483 2,400000 -1,000000 -101,000000 0,000000 0,000000
298 1631554484 2,400000 -1,000000 -101,000000 0,000000 0,000000
298 1631554485 2,400000 -1,000000 -101,000000 0,000000 0,000000
298 1631554486 2,400000 -1,000000 -101,000000 0,000000 0,000000
298 1631554487 2,400000 -1,000000 -101,000000 0,000000 0,000000
298 1631554488 2,400000 -1,000000 -101,000000 0,000000 0,000000
298 1631554489 2,400000 -1,000000 -101,000000 0,000000 0,000000
298 1631554490 2,400000 -1,000000 -101,000000 0,000000 0,000000
298 1631554491 2,400000 -1,000000 -101,000000 0,000000 0,000000
298 1631554492 4,400000 -1,000000 -101,000000 0,000000 0,000000
298 1631554493 4,400000 -1,000000 -101,000000 0,000000 0,000000
298 1631554494 4,400000 -1,000000 -101,000000 0,000000 0,000000
298 1631554495 4,400000 -1,000000 -101,000000 0,000000 0,000000
298 1631554496 4,400000 -1,000000 -101,000000 0,000000 0,000000
298 1631554497 3,400000 -1,000000 -101,000000 0,000000 0,000000
298 1631554498 3,400000 -1,000000 -101,000000 0,000000 0,000000
298 1631554499 3,400000 -1,000000 -101,000000 0,000000 0,000000
298 1631554500 3,400000 -1,000000 -101,000000 0,000000 0,000000
298 1631554501 3,400000 -1,000000 -101,000000 0,000000 0,000000
298 1631554502 4,400000 -1,000000 -101,000000 0,000000 0,000000
298 1631554503 4,400000 -1,000000 -101,000000 0,000000 0,000000
298 1631554504 4,400000 -1,000000 -101,000000 0,000000 0,000000
298 1631554505 4,400000 -1,000000 -101,000000 0,000000 0,000000
298 1631554506 4,400000 -1,000000 -101,000000 0,000000 0,000000
298 1631554507 2,000000 -1,000000 -101,000000 0,000000 0,000000
298 1631554508 2,000000 -1,000000 -101,000000 0,000000 0,000000
298 1631554509 2,000000 -1,000000 -101,000000 0,000000 0,000000
298 1631554510 2,000000 -1,000000 -101,000000 0,000000 0,000000
298 1631554511 2,000000 -1,000000 -101,000000 0,000000 0,000000
298 1631554512 2,800000 -1,000000 -101,000000 0,000000 0,000000
298 1631554513 2,800000 -1,000000 -101,000000 0,000000 0,000000
298 1631554514 2,800000 -1,000000 -101,000000 0,000000 0,000000
298 1631554515 2,800000 -1,000000 -101,000000 0,000000 0,000000
298 1631554516 2,800000 -1,000000 -101,000000 0,000000 0,000000
298 1631554517 3,400000 -1,000000 -101,000000 0,000000 0,000000
298 1631554518 3,400000 -1,000000 -101,000000 0,000000 0,000000
298 1631554519 3,400000 -1,000000 -101,000000 0,000000 0,000000
298 1631554520 3,400000 -1,000000 -101,000000 0,000000 0,000000
298 1631554521 3,400000 -1,000000 -101,000000 0,000000 0,000000
298 1631554522 3,800000 -1,000000 -101,000000 0,000000 0,000000
298 1631554523 3,800000 -1,000000 -101,000000 0,000000 0,000000
298 1631554524 3,800000 -1,000000 -101,000000 0,000000 0,000000
298 1631554525 3,800000 -1,000000 -101,000000 0,000000 0,000000
298 1631554526 3,800000 -1,000000 -101,000000 0,000000 0,000000
298 1631554527 3,800000 -1,000000 -101,000000 0,000000 0,000000
298 1631554528 3,800000 -1,000000 -101,000000 0,000000 0,000000
298 1631554529 3,800000 -1,000000 -101,000000 0,000000 0,000000
298 1631554530 3,800000 -1,000000 -101,000000 0,000000 0,000000
298 1631554531 3,800000 -1,000000 -101,000000 0,000000 0,000000
298 1631554532 1,800000 -1,000000 -101,000000 0,000000 0,000000
298 1631554533 1,800000 -1,000000 -101,000000 0,000000 0,000000
298 1631554534 1,800000 -1,000000 -101,000000 0,000000 0,000000
298 1631554535 1,800000 -1,000000 -101,000000 0,000000 0,000000
298 1631554536 1,800000 -1,000000 -101,000000 0,000000 0,000000
298 1631554537 3,400000 -1,000000 -101,000000 0,000000 0,000000
298 1631554538 3,400000 -1,000000 -101,000000 0,000000 0,000000
298 1631554539 3,400000 -1,000000 -101,000000 0,000000 0,000000
298 1631554540 3,400000 -1,000000 -101,000000 0,000000 0,000000
298 1631554541 3,400000 -1,000000 -101,000000 0,000000 0,000000
298 1631554542 3,800000 -1,000000 -101,000000 0,000000 0,000000
298 1631554543 3,800000 -1,000000 -101,000000 0,000000 0,000000
298 1631554544 3,800000 -1,000000 -101,000000 0,000000 0,000000
298 1631554545 3,800000 -1,000000 -101,000000 0,000000 0,000000
298 1631554546 3,800000 -1,000000 -101,000000 0,000000 0,000000
298 1631554547 3,400000 -1,000000 -101,000000 0,000000 0,000000
298 1631554548 3,400000 -1,000000 -101,000000 0,000000 0,000000
298 1631554549 3,400000 -1,000000 -101,000000 0,000000 0,000000
298 1631554550 3,400000 -1,000000 -101,000000 0,000000 0,000000
298 1631554551 3,400000 -1,000000 -101,000000 0,000000 0,000000
298 1631554552 3,200000 -1,000000 -101,000000 0,000000 0,000000
298 1631554553 3,200000 -1,000000 -101,000000 0,000000 0,000000
298 1631554554 3,200000 -1,000000 -101,000000 0,000000 0,000000
298 1631554555 3,200000 -1,000000 -101,000000 0,000000 0,000000
298 1631554556 3,200000 -1,000000 -101,000000 0,000000 0,000000
298 1631554557 3,200000 -1,000000 -101,000000 0,000000 0,000000
298 1631554558 3,200000 -1,000000 -101,000000 0,000000 0,000000
298 1631554559 3,200000 -1,000000 -101,000000 0,000000 0,000000
298 1631554560 3,200000 -1,000000 -101,000000 0,000000 0,000000
298 1631554561 3,200000 -1,000000 -101,000000 0,000000 0,000000
298 1631554562 2,600000 -1,000000 -101,000000 0,000000 0,000000
298 1631554563 2,600000 -1,000000 -101,000000 0,000000 0,000000
298 1631554564 2,600000 -1,000000 -101,000000 0,000000 0,000000
298 1631554565 2,600000 -1,000000 -101,000000 0,000000 0,000000
298 1631554566 2,600000 -1,000000 -101,000000 0,000000 0,000000
298 1631554567 3,200000 -1,000000 -101,000000 0,000000 0,000000
298 1631554568 3,200000 -1,000000 -101,000000 0,000000 0,000000
298 1631554569 3,200000 -1,000000 -101,000000 0,000000 0,000000
298 1631554570 3,200000 -1,000000 -101,000000 0,000000 0,000000
298 1631554571 3,200000 -1,000000 -101,000000 0,000000 0,000000
298 1631554572 3,000000 -1,000000 -101,000000 0,000000 0,000000
298 1631554573 3,000000 -1,000000 -101,000000 0,000000 0,000000
298 1631554574 3,000000 -1,000000 -101,000000 0,000000 0,000000
298 1631554575 3,000000 -1,000000 -101,000000 0,000000 0,000000
298 1631554576 3,000000 -1,000000 -101,000000 0,000000 0,000000
298 1631554577 3,800000 -1,000000 -101,000000 0,000000 0,000000
298 1631554578 3,800000 -1,000000 -101,000000 0,000000 0,000000
298 1631554579 3,800000 -1,000000 -101,000000 0,000000 0,000000
298 1631554580 3,800000 -1,000000 -101,000000 0,000000 0,000000
298 1631554581 3,800000 -1,000000 -101,000000 0,000000 0,000000
298 1631554582 3,400000 -1,000000 -101,000000 0,000000 0,000000
298 1631554583 3,400000 -1,000000 -101,000000 0,000000 0,000000
298 1631554584 3,400000 -1,000000 -101,000000 0,000000 0,000000
298 1631554585 3,400000 -1,000000 -101,000000 0,000000 0,000000
298 1631554586 3,400000 -1,000000 -101,000000 0,000000 0,000000
298 1631554587 3,400000 -1,000000 -101,000000 0,000000 0,000000
298 1631554588 3,400000 -1,000000 -101,000000 0,000000 0,000000
298 1631554589 3,400000 -1,000000 -101,000000 0,000000 0,000000
298 1631554590 3,400000 -1,000000 -101,000000 0,000000 0,000000
298 1631554591 3,400000 -1,000000 -101,000000 0,000000 0,000000
298 1631554592 3,600000 -1,000000 -101,000000 0,000000 0,000000
298 1631554593 3,600000 -1,000000 -101,000000 0,000000 0,000000
298 1631554594 3,600000 -1,000000 -101,000000 0,000000 0,000000
298 1631554595 3,600000 -1,000000 -101,000000 0,000000 0,000000
298 1631554596 3,600000 -1,000000 -101,000000 0,000000 0,000000
298 1631554597 3,800000 -1,000000 -101,000000 0,000000 0,000000
298 1631554598 3,800000 -1,000000 -101,000000 0,000000 0,000000
298 1631554599 3,800000 -1,000000 -101,000000 0,000000 0,000000
298 1631554600 3,800000 -1,000000 -101,000000 0,000000 0,000000
298 1631554601 3,800000 -1,000000 -101,000000 0,000000 0,000000
298 1631554602 3,000000 -1,000000 -101,000000 0,000000 0,000000
298 1631554603 3,000000 -1,000000 -101,000000 0,000000 0,000000
298 1631554604 3,000000 -1,000000 -101,000000 0,000000 0,000000
298 1631554605 3,000000 -1,000000 -101,000000 0,000000 0,000000
298 1631554606 3,000000 -1,000000 -101,000000 0,000000 0,000000
298 1631554607 3,600000 -1,000000 -101,000000 0,000000 0,000000
298 1631554608 3,600000 -1,000000 -101,000000 0,000000 0,000000
298 1631554609 3,600000 -1,000000 -101,000000 0,000000 0,000000
298 1631554610 3,600000 -1,000000 -101,000000 0,000000 0,000000
298 1631554611 3,600000 -1,000000 -101,000000 0,000000 0,000000
298 1631554612 4,000000 -1,000000 -101,000000 0,000000 0,000000
298 1631554613 4,000000 -1,000000 -101,000000 0,000000 0,000000
298 1631554614 4,000000 -1,000000 -101,000000 0,000000 0,000000
298 1631554615 4,000000 -1,000000 -101,000000 0,000000 0,000000
298 1631554616 4,000000 -1,000000 -101,000000 0,000000 0,000000
298 1631554617 1,400000 -1,000000 -101,000000 0,000000 0,000000
298 1631554618 1,400000 -1,000000 -101,000000 0,000000 0,000000
298 1631554619 1,400000 -1,000000 -101,000000 0,000000 0,000000
298 1631554620 1,400000 -1,000000 -101,000000 0,000000 0,000000
298 1631554621 1,400000 -1,000000 -101,000000 0,000000 0,000000
298 1631554622 3,800000 -1,000000 -101,000000 0,000000 0,000000
298 1631554623 3,800000 -1,000000 -101,000000 0,000000 0,000000
298 1631554624 3,800000 -1,000000 -101,000000 0,000000 0,000000
298 1631554625 3,800000 -1,000000 -101,000000 0,000000 0,000000
298 1631554626 3,800000 -1,000000 -101,000000 0,000000 0,000000
298 1631554627 2,400000 -1,000000 -101,000000 0,000000 0,000000
298 1631554628 2,400000 -1,000000 -101,000000 0,000000 0,000000
298 1631554629 2,400000 -1,000000 -101,000000 0,000000 0,000000
298 1631554630 2,400000 -1,000000 -101,000000 0,000000 0,000000
298 1631554631 2,400000 -1,000000 -101,000000 0,000000 0,000000
298 1631554632 4,200000 -1,000000 -101,000000 0,000000 0,000000
298 1631554633 4,200000 -1,000000 -101,000000 0,000000 0,000000
298 1631554634 4,200000 -1,000000 -101,000000 0,000000 0,000000
298 1631554635 4,200000 -1,000000 -101,000000 0,000000 0,000000
298 1631554636 4,200000 -1,000000 -101,000000 0,000000 0,000000
298 1631554637 3,800000 -1,000000 -101,000000 0,000000 0,000000
298 1631554638 3,800000 -1,000000 -101,000000 0,000000 0,000000
298 1631554639 3,800000 -1,000000 -101,000000 0,000000 0,000000
298 1631554640 3,800000 -1,000000 -101,000000 0,000000 0,000000
298 1631554641 3,800000 -1,000000 -101,000000 0,000000 0,000000
298 1631554642 3,000000 -1,000000 -101,000000 0,000000 0,000000
298 1631554643 3,000000 -1,000000 -101,000000 0,000000 0,000000
298 1631554644 3,000000 -1,000000 -101,000000 0,000000 0,000000
298 1631554645 3,000000 -1,000000 -101,000000 0,000000 0,000000
298 1631554646 3,000000 -1,000000 -101,000000 0,000000 0,000000
298 1631554647 3,000000 -1,000000 -101,000000 0,000000 0,000000
298 1631554648 3,000000 -1,000000 -101,000000 0,000000 0,000000
298 1631554649 3,000000 -1,000000 -101,000000 0,000000 0,000000
298 1631554650 3,000000 -1,000000 -101,000000 0,000000 0,000000
298 1631554651 3,000000 -1,000000 -101,000000 0,000000 0,000000
298 1631554652 2,400000 -1,000000 -101,000000 0,000000 0,000000
298 1631554653 2,400000 -1,000000 -101,000000 0,000000 0,000000
298 1631554654 2,400000 -1,000000 -101,000000 0,000000 0,000000
298 1631554655 2,400000 -1,000000 -101,000000 0,000000 0,000000
298 1631554656 2,400000 -1,000000 -101,000000 0,000000 0,000000
298 1631554657 4,400000 -1,000000 -101,000000 0,000000 0,000000
298 1631554658 4,400000 -1,000000 -101,000000 0,000000 0,000000
298 1631554659 4,400000 -1,000000 -101,000000 0,000000 0,000000
298 1631554660 4,400000 -1,000000 -101,000000 0,000000 0,000000
298 1631554661 4,400000 -1,000000 -101,000000 0,000000 0,000000
298 1631554662 3,600000 -1,000000 -101,000000 0,000000 0,000000
298 1631554663 3,600000 -1,000000 -101,000000 0,000000 0,000000
298 1631554664 3,600000 -1,000000 -101,000000 0,000000 0,000000
298 1631554665 3,600000 -1,000000 -101,000000 0,000000 0,000000
298 1631554666 3,600000 -1,000000 -101,000000 0,000000 0,000000
298 1631554667 4,000000 -1,000000 -101,000000 0,000000 0,000000
298 1631554668 4,000000 -1,000000 -101,000000 0,000000 0,000000
298 1631554669 4,000000 -1,000000 -101,000000 0,000000 0,000000
298 1631554670 4,000000 -1,000000 -101,000000 0,000000 0,000000
298 1631554671 4,000000 -1,000000 -101,000000 0,000000 0,000000
298 1631554672 2,600000 -1,000000 -101,000000 0,000000 0,000000
298 1631554673 2,600000 -1,000000 -101,000000 0,000000 0,000000
298 1631554674 2,600000 -1,000000 -101,000000 0,000000 0,000000
298 1631554675 2,600000 -1,000000 -101,000000 0,000000 0,000000
298 1631554676 2,600000 -1,000000 -101,000000 0,000000 0,000000
298 1631554677 3,200000 -1,000000 -101,000000 0,000000 0,000000
298 1631554678 3,200000 -1,000000 -101,000000 0,000000 0,000000
298 1631554679 3,200000 -1,000000 -101,000000 0,000000 0,000000
298 1631554680 3,200000 -1,000000 -101,000000 0,000000 0,000000
298 1631554681 3,200000 -1,000000 -101,000000 0,000000 0,000000
298 1631554682 3,000000 -1,000000 -101,000000 0,000000 0,000000
298 1631554683 3,000000 -1,000000 -101,000000 0,000000 0,000000
298 1631554684 3,000000 -1,000000 -101,000000 0,000000 0,000000
298 1631554685 3,000000 -1,000000 -101,000000 0,000000 0,000000
298 1631554686 3,000000 -1,000000 -101,000000 0,000000 0,000000
298 1631554687 3,200000 -1,000000 -101,000000 0,000000 0,000000
298 1631554688 3,200000 -1,000000 -101,000000 0,000000 0,000000
298 1631554689 3,200000 -1,000000 -101,000000 0,000000 0,000000
298 1631554690 3,200000 -1,000000 -101,000000 0,000000 0,000000
298 1631554691 3,200000 -1,000000 -101,000000 0,000000 0,000000
298 1631554692 3,600000 -1,000000 -101,000000 0,000000 0,000000
298 1631554693 3,600000 -1,000000 -101,000000 0,000000 0,000000
298 1631554694 3,600000 -1,000000 -101,000000 0,000000 0,000000
298 1631554695 3,600000 -1,000000 -101,000000 0,000000 0,000000
298 1631554696 3,600000 -1,000000 -101,000000 0,000000 0,000000
298 1631554697 3,200000 -1,000000 -101,000000 0,000000 0,000000
298 1631554698 3,200000 -1,000000 -101,000000 0,000000 0,000000
298 1631554699 3,200000 -1,000000 -101,000000 0,000000 0,000000
298 1631554700 3,200000 -1,000000 -101,000000 0,000000 0,000000
298 1631554701 3,200000 -1,000000 -101,000000 0,000000 0,000000
298 1631554702 2,000000 -1,000000 -101,000000 0,000000 0,000000
298 1631554703 2,000000 -1,000000 -101,000000 0,000000 0,000000
298 1631554704 2,000000 -1,000000 -101,000000 0,000000 0,000000
298 1631554705 2,000000 -1,000000 -101,000000 0,000000 0,000000
298 1631554706 2,000000 -1,000000 -101,000000 0,000000 0,000000
298 1631554707 4,200000 -1,000000 -101,000000 0,000000 0,000000
298 1631554708 4,200000 -1,000000 -101,000000 0,000000 0,000000
298 1631554709 4,200000 -1,000000 -101,000000 0,000000 0,000000
298 1631554710 4,200000 -1,000000 -101,000000 0,000000 0,000000
298 1631554711 4,200000 -1,000000 -101,000000 0,000000 0,000000
298 1631554712 2,600000 -1,000000 -101,000000 0,000000 0,000000
298 1631554713 2,600000 -1,000000 -101,000000 0,000000 0,000000
298 1631554714 2,600000 -1,000000 -101,000000 0,000000 0,000000
298 1631554715 2,600000 -1,000000 -101,000000 0,000000 0,000000
298 1631554716 2,600000 -1,000000 -101,000000 0,000000 0,000000
298 1631554717 4,200000 -1,000000 -101,000000 0,000000 0,000000
298 1631554718 4,200000 -1,000000 -101,000000 0,000000 0,000000
298 1631554719 4,200000 -1,000000 -101,000000 0,000000 0,000000
298 1631554720 4,200000 -1,000000 -101,000000 0,000000 0,000000
298 1631554721 4,200000 -1,000000 -101,000000 0,000000 0,000000
298 1631554722 3,400000 -1,000000 -101,000000 0,000000 0,000000
298 1631554723 3,400000 -1,000000 -101,000000 0,000000 0,000000
298 1631554724 3,400000 -1,000000 -101,000000 0,000000 0,000000
298 1631554725 3,400000 -1,000000 -101,000000 0,000000 0,000000
298 1631554726 3,400000 -1,000000 -101,000000 0,000000 0,000000
298 1631554727 3,000000 -1,000000 -101,000000 0,000000 0,000000
298 1631554728 3,000000 -1,000000 -101,000000 0,000000 0,000000
298 1631554729 3,000000 -1,000000 -101,000000 0,000000 0,000000
298 1631554730 3,000000 -1,000000 -101,000000 0,000000 0,000000
298 1631554731 3,000000 -1,000000 -101,000000 0,000000 0,000000
298 1631554732 3,800000 -1,000000 -101,000000 0,000000 0,000000
298 1631554733 3,800000 -1,000000 -101,000000 0,000000 0,000000
298 1631554734 3,800000 -1,000000 -101,000000 0,000000 0,000000
298 1631554735 3,800000 -1,000000 -101,000000 0,000000 0,000000
298 1631554736 3,800000 -1,000000 -101,000000 0,000000 0,000000
298 1631554737 1,800000 -1,000000 -101,000000 0,000000 0,000000
298 1631554738 1,800000 -1,000000 -101,000000 0,000000 0,000000
298 1631554739 1,800000 -1,000000 -101,000000 0,000000 0,000000
298 1631554740 1,800000 -1,000000 -101,000000 0,000000 0,000000
298 1631554741 1,800000 -1,000000 -101,000000 0,000000 0,000000
298 1631554742 4,200000 -1,000000 -101,000000 0,000000 0,000000
298 1631554743 4,200000 -1,000000 -101,000000 0,000000 0,000000
298 1631554744 4,200000 -1,000000 -101,000000 0,000000 0,000000
298 1631554745 4,200000 -1,000000 -101,000000 0,000000 0,000000
298 1631554746 4,200000 -1,000000 -101,000000 0,000000 0,000000
298 1631554747 3,200000 -1,000000 -101,000000 0,000000 0,000000
298 1631554748 3,200000 -1,000000 -101,000000 0,000000 0,000000
298 1631554749 3,200000 -1,000000 -101,000000 0,000000 0,000000
298 1631554750 3,200000 -1,000000 -101,000000 0,000000 0,000000
298 1631554751 3,200000 -1,000000 -101,000000 0,000000 0,000000
298 1631554752 3,600000 -1,000000 -101,000000 0,000000 0,000000
298 1631554753 3,600000 -1,000000 -101,000000 0,000000 0,000000
298 1631554754 3,600000 -1,000000 -101,000000 0,000000 0,000000
298 1631554755 3,600000 -1,000000 -101,000000 0,000000 0,000000
298 1631554756 3,600000 -1,000000 -101,000000 0,000000 0,000000
298 1631554757 2,400000 -1,000000 -101,000000 0,000000 0,000000
298 1631554758 2,400000 -1,000000 -101,000000 0,000000 0,000000
298 1631554759 2,400000 -1,000000 -101,000000 0,000000 0,000000
298 1631554760 2,400000 -1,000000 -101,000000 0,000000 0,000000
298 1631554761 2,400000 -1,000000 -101,000000 0,000000 0,000000
298 1631554762 2,600000 -1,000000 -101,000000 0,000000 0,000000
298 1631554763 2,600000 -1,000000 -101,000000 0,000000 0,000000
298 1631554764 2,600000 -1,000000 -101,000000 0,000000 0,000000
298 1631554765 2,600000 -1,000000 -101,000000 0,000000 0,000000
298 1631554766 2,600000 -1,000000 -101,000000 0,000000 0,000000
298 1631554767 4,200000 -1,000000 -101,000000 0,000000 0,000000
298 1631554768 4,200000 -1,000000 -101,000000 0,000000 0,000000
298 1631554769 4,200000 -1,000000 -101,000000 0,000000 0,000000
298 1631554770 4,200000 -1,000000 -101,000000 0,000000 0,000000
298 1631554771 4,200000 -1,000000 -101,000000 0,000000 0,000000
298 1631554772 4,000000 -1,000000 -101,000000 0,000000 0,000000
298 1631554773 4,000000 -1,000000 -101,000000 0,000000 0,000000
298 1631554774 4,000000 -1,000000 -101,000000 0,000000 0,000000
298 1631554775 4,000000 -1,000000 -101,000000 0,000000 0,000000
298 1631554776 4,000000 -1,000000 -101,000000 0,000000 0,000000
298 1631554777 3,600000 -1,000000 -101,000000 0,000000 0,000000
298 1631554778 3,600000 -1,000000 -101,000000 0,000000 0,000000
298 1631554779 3,600000 -1,000000 -101,000000 0,000000 0,000000
298 1631554780 3,600000 -1,000000 -101,000000 0,000000 0,000000
298 1631554781 3,600000 -1,000000 -101,000000 0,000000 0,000000
298 1631554782 4,000000 -1,000000 -101,000000 0,000000 0,000000
298 1631554783 4,000000 -1,000000 -101,000000 0,000000 0,000000
298 1631554784 4,000000 -1,000000 -101,000000 0,000000 0,000000
298 1631554785 4,000000 -1,000000 -101,000000 0,000000 0,000000
298 1631554786 4,000000 -1,000000 -101,000000 0,000000 0,000000
298 1631554787 2,200000 -1,000000 -101,000000 0,000000 0,000000
298 1631554788 2,200000 -1,000000 -101,000000 0,000000 0,000000
298 1631554789 2,200000 -1,000000 -101,000000 0,000000 0,000000
298 1631554790 2,200000 -1,000000 -101,000000 0,000000 0,000000
298 1631554791 2,200000 -1,000000 -101,000000 0,000000 0,000000
298 1631554792 3,600000 -1,000000 -101,000000 0,000000 0,000000
298 1631554793 3,600000 -1,000000 -101,000000 0,000000 0,000000
298 1631554794 3,600000 -1,000000 -101,000000 0,000000 0,000000
298 1631554795 3,600000 -1,000000 -101,000000 0,000000 0,000000
298 1631554796 3,600000 -1,000000 -101,000000 0,000000 0,000000
298 1631554797 3,000000 -1,000000 -101,000000 0,000000 0,000000
298 1631554798 3,000000 -1,000000 -101,000000 0,000000 0,000000
298 1631554799 3,000000 -1,000000 -101,000000 0,000000 0,000000
298 1631554800 3,000000 -1,000000 -101,000000 0,000000 0,000000
298 1631554801 3,000000 -1,000000 -101,000000 0,000000 0,000000
298 1631554802 4,400000 -1,000000 -101,000000 0,000000 0,000000
298 1631554803 4,400000 -1,000000 -101,000000 0,000000 0,000000
298 1631554804 4,400000 -1,000000 -101,000000 0,000000 0,000000
298 1631554805 4,400000 -1,000000 -101,000000 0,000000 0,000000
298 1631554806 4,400000 -1,000000 -101,000000 0,000000 0,000000
298 1631554807 3,000000 -1,000000 -101,000000 0,000000 0,000000
298 1631554808 3,000000 -1,000000 -101,000000 0,000000 0,000000
298 1631554809 3,000000 -1,000000 -101,000000 0,000000 0,000000
298 1631554810 3,000000 -1,000000 -101,000000 0,000000 0,000000
298 1631554811 3,000000 -1,000000 -101,000000 0,000000 0,000000
298 1631554812 3,000000 -1,000000 -101,000000 0,000000 0,000000
298 1631554813 3,000000 -1,000000 -101,000000 0,000000 0,000000
298 1631554814 3,000000 -1,000000 -101,000000 0,000000 0,000000
298 1631554815 3,000000 -1,000000 -101,000000 0,000000 0,000000
298 1631554816 3,000000 -1,000000 -101,000000 0,000000 0,000000
298 1631554817 4,000000 -1,000000 -101,000000 0,000000 0,000000
298 1631554818 4,000000 -1,000000 -101,000000 0,000000 0,000000
298 1631554819 4,000000 -1,000000 -101,000000 0,000000 0,000000
298 1631554820 4,000000 -1,000000 -101,000000 0,000000 0,000000
298 1631554821 4,000000 -1,000000 -101,000000 0,000000 0,000000
298 1631554822 2,600000 -1,000000 -101,000000 0,000000 0,000000
298 1631554823 2,600000 -1,000000 -101,000000 0,000000 0,000000
298 1631554824 2,600000 -1,000000 -101,000000 0,000000 0,000000
298 1631554825 2,600000 -1,000000 -101,000000 0,000000 0,000000
298 1631554826 2,600000 -1,000000 -101,000000 0,000000 0,000000
298 1631554827 3,800000 -1,000000 -101,000000 0,000000 0,000000
298 1631554828 3,800000 -1,000000 -101,000000 0,000000 0,000000
298 1631554829 3,800000 -1,000000 -101,000000 0,000000 0,000000
298 1631554830 3,800000 -1,000000 -101,000000 0,000000 0,000000
298 1631554831 3,800000 -1,000000 -101,000000 0,000000 0,000000
298 1631554832 3,000000 -1,000000 -101,000000 0,000000 0,000000
298 1631554833 3,000000 -1,000000 -101,000000 0,000000 0,000000
298 1631554834 3,000000 -1,000000 -101,000000 0,000000 0,000000
298 1631554835 3,000000 -1,000000 -101,000000 0,000000 0,000000
298 1631554836 3,000000 -1,000000 -101,000000 0,000000 0,000000
298 1631554837 5,400000 -1,000000 -101,000000 0,000000 0,000000
298 1631554838 5,400000 -1,000000 -101,000000 0,000000 0,000000
298 1631554839 5,400000 -1,000000 -101,000000 0,000000 0,000000
298 1631554840 5,400000 -1,000000 -101,000000 0,000000 0,000000
298 1631554841 5,400000 -1,000000 -101,000000 0,000000 0,000000
298 1631554842 2,200000 -1,000000 -101,000000 0,000000 0,000000
298 1631554843 2,200000 -1,000000 -101,000000 0,000000 0,000000
298 1631554844 2,200000 -1,000000 -101,000000 0,000000 0,000000
298 1631554845 2,200000 -1,000000 -101,000000 0,000000 0,000000
298 1631554846 2,200000 -1,000000 -101,000000 0,000000 0,000000
298 1631554847 3,200000 -1,000000 -101,000000 0,000000 0,000000
298 1631554848 3,200000 -1,000000 -101,000000 0,000000 0,000000
298 1631554849 3,200000 -1,000000 -101,000000 0,000000 0,000000
298 1631554850 3,200000 -1,000000 -101,000000 0,000000 0,000000
298 1631554851 3,200000 -1,000000 -101,000000 0,000000 0,000000
298 1631554852 2,800000 -1,000000 -101,000000 0,000000 0,000000
298 1631554853 2,800000 -1,000000 -101,000000 0,000000 0,000000
298 1631554854 2,800000 -1,000000 -101,000000 0,000000 0,000000
298 1631554855 2,800000 -1,000000 -101,000000 0,000000 0,000000
298 1631554856 2,800000 -1,000000 -101,000000 0,000000 0,000000
298 1631554857 3,000000 -1,000000 -101,000000 0,000000 0,000000
298 1631554858 3,000000 -1,000000 -101,000000 0,000000 0,000000
298 1631554859 3,000000 -1,000000 -101,000000 0,000000 0,000000
298 1631554860 3,000000 -1,000000 -101,000000 0,000000 0,000000
298 1631554861 3,000000 -1,000000 -101,000000 0,000000 0,000000
298 1631554862 4,600000 -1,000000 -101,000000 0,000000 0,000000
298 1631554863 4,600000 -1,000000 -101,000000 0,000000 0,000000
298 1631554864 4,600000 -1,000000 -101,000000 0,000000 0,000000
298 1631554865 4,600000 -1,000000 -101,000000 0,000000 0,000000
298 1631554866 4,600000 -1,000000 -101,000000 0,000000 0,000000
298 1631554867 3,200000 -1,000000 -101,000000 0,000000 0,000000
298 1631554868 3,200000 -1,000000 -101,000000 0,000000 0,000000
298 1631554869 3,200000 -1,000000 -101,000000 0,000000 0,000000
298 1631554870 3,200000 -1,000000 -101,000000 0,000000 0,000000
298 1631554871 3,200000 -1,000000 -101,000000 0,000000 0,000000
298 1631554872 2,600000 -1,000000 -101,000000 0,000000 0,000000
298 1631554873 2,600000 -1,000000 -101,000000 0,000000 0,000000
298 1631554874 2,600000 -1,000000 -101,000000 0,000000 0,000000
298 1631554875 2,600000 -1,000000 -101,000000 0,000000 0,000000
298 1631554876 2,600000 -1,000000 -101,000000 0,000000 0,000000
298 1631554877 2,800000 -1,000000 -101,000000 0,000000 0,000000
298 1631554878 2,800000 -1,000000 -101,000000 0,000000 0,000000
298 1631554879 2,800000 -1,000000 -101,000000 0,000000 0,000000
298 1631554880 2,800000 -1,000000 -101,000000 0,000000 0,000000
298 1631554881 2,800000 -1,000000 -101,000000 0,000000 0,000000
298 1631554882 3,000000 -1,000000 -101,000000 0,000000 0,000000
298 1631554883 3,000000 -1,000000 -101,000000 0,000000 0,000000
298 1631554884 3,000000 -1,000000 -101,000000 0,000000 0,000000
298 1631554885 3,000000 -1,000000 -101,000000 0,000000 0,000000
298 1631554886 3,000000 -1,000000 -101,000000 0,000000 0,000000
298 1631554887 5,800000 -1,000000 -101,000000 0,000000 0,000000
298 1631554888 5,800000 -1,000000 -101,000000 0,000000 0,000000
298 1631554889 5,800000 -1,000000 -101,000000 0,000000 0,000000
298 1631554890 5,800000 -1,000000 -101,000000 0,000000 0,000000
298 1631554891 5,800000 -1,000000 -101,000000 0,000000 0,000000
298 1631554892 3,000000 -1,000000 -101,000000 0,000000 0,000000
298 1631554893 3,000000 -1,000000 -101,000000 0,000000 0,000000
298 1631554894 3,000000 -1,000000 -101,000000 0,000000 0,000000
298 1631554895 3,000000 -1,000000 -101,000000 0,000000 0,000000
298 1631554896 3,000000 -1,000000 -101,000000 0,000000 0,000000
298 1631554897 2,800000 -1,000000 -101,000000 0,000000 0,000000
298 1631554898 2,800000 -1,000000 -101,000000 0,000000 0,000000
298 1631554899 2,800000 -1,000000 -101,000000 0,000000 0,000000
298 1631554900 2,800000 -1,000000 -101,000000 0,000000 0,000000
298 1631554901 2,800000 -1,000000 -101,000000 0,000000 0,000000
298 1631554902 2,600000 -1,000000 -101,000000 0,000000 0,000000
298 1631554903 2,600000 -1,000000 -101,000000 0,000000 0,000000
298 1631554904 2,600000 -1,000000 -101,000000 0,000000 0,000000
298 1631554905 2,600000 -1,000000 -101,000000 0,000000 0,000000
298 1631554906 2,600000 -1,000000 -101,000000 0,000000 0,000000
298 1631554907 3,000000 -1,000000 -101,000000 0,000000 0,000000
298 1631554908 3,000000 -1,000000 -101,000000 0,000000 0,000000
298 1631554909 3,000000 -1,000000 -101,000000 0,000000 0,000000
298 1631554910 3,000000 -1,000000 -101,000000 0,000000 0,000000
298 1631554911 3,000000 -1,000000 -101,000000 0,000000 0,000000
298 1631554912 3,800000 -1,000000 -101,000000 0,000000 0,000000
298 1631554913 3,800000 -1,000000 -101,000000 0,000000 0,000000
298 1631554914 3,800000 -1,000000 -101,000000 0,000000 0,000000
298 1631554915 3,800000 -1,000000 -101,000000 0,000000 0,000000
298 1631554916 3,800000 -1,000000 -101,000000 0,000000 0,000000
298 1631554917 2,800000 -1,000000 -101,000000 0,000000 0,000000
298 1631554918 2,800000 -1,000000 -101,000000 0,000000 0,000000
298 1631554919 2,800000 -1,000000 -101,000000 0,000000 0,000000
298 1631554920 2,800000 -1,000000 -101,000000 0,000000 0,000000
298 1631554921 2,800000 -1,000000 -101,000000 0,000000 0,000000
298 1631554922 4,400000 -1,000000 -101,000000 0,000000 0,000000
298 1631554923 4,400000 -1,000000 -101,000000 0,000000 0,000000
298 1631554924 4,400000 -1,000000 -101,000000 0,000000 0,000000
298 1631554925 4,400000 -1,000000 -101,000000 0,000000 0,000000
298 1631554926 4,400000 -1,000000 -101,000000 0,000000 0,000000
298 1631554927 2,000000 -1,000000 -101,000000 0,000000 0,000000
298 1631554928 2,000000 -1,000000 -101,000000 0,000000 0,000000
298 1631554929 2,000000 -1,000000 -101,000000 0,000000 0,000000
298 1631554930 2,000000 -1,000000 -101,000000 0,000000 0,000000
298 1631554931 2,000000 -1,000000 -101,000000 0,000000 0,000000
298 1631554932 4,000000 -1,000000 -101,000000 0,000000 0,000000
298 1631554933 4,000000 -1,000000 -101,000000 0,000000 0,000000
298 1631554934 4,000000 -1,000000 -101,000000 0,000000 0,000000
298 1631554935 4,000000 -1,000000 -101,000000 0,000000 0,000000
298 1631554936 4,000000 -1,000000 -101,000000 0,000000 0,000000
298 1631554937 4,000000 -1,000000 -101,000000 0,000000 0,000000
298 1631554938 4,000000 -1,000000 -101,000000 0,000000 0,000000
298 1631554939 4,000000 -1,000000 -101,000000 0,000000 0,000000
298 1631554940 4,000000 -1,000000 -101,000000 0,000000 0,000000
298 1631554941 4,000000 -1,000000 -101,000000 0,000000 0,000000
298 1631554942 3,200000 -1,000000 -101,000000 0,000000 0,000000
298 1631554943 3,200000 -1,000000 -101,000000 0,000000 0,000000
298 1631554944 3,200000 -1,000000 -101,000000 0,000000 0,000000
298 1631554945 3,200000 -1,000000 -101,000000 0,000000 0,000000
298 1631554946 3,200000 -1,000000 -101,000000 0,000000 0,000000
298 1631554947 3,800000 -1,000000 -101,000000 0,000000 0,000000
298 1631554948 3,800000 -1,000000 -101,000000 0,000000 0,000000
298 1631554949 3,800000 -1,000000 -101,000000 0,000000 0,000000
298 1631554950 3,800000 -1,000000 -101,000000 0,000000 0,000000
298 1631554951 3,800000 -1,000000 -101,000000 0,000000 0,000000
298 1631554952 3,400000 -1,000000 -101,000000 0,000000 0,000000
298 1631554953 3,400000 -1,000000 -101,000000 0,000000 0,000000
298 1631554954 3,400000 -1,000000 -101,000000 0,000000 0,000000
298 1631554955 3,400000 -1,000000 -101,000000 0,000000 0,000000
298 1631554956 3,400000 -1,000000 -101,000000 0,000000 0,000000
298 1631554957 4,000000 -1,000000 -101,000000 0,000000 0,000000
298 1631554958 4,000000 -1,000000 -101,000000 0,000000 0,000000
298 1631554959 4,000000 -1,000000 -101,000000 0,000000 0,000000
298 1631555021 3,200000 -1,000000 3,200000 3,200000 2,048000
298 1631555020 3,200000 -1,000000 3,200000 3,200000 2,048000
298 1631555019 3,200000 -1,000000 3,200000 3,200000 2,048000
298 1631555018 3,200000 -1,000000 3,200000 3,200000 2,048000
298 1631555017 3,200000 -1,000000 3,200000 3,200000 2,048000
298 1631555016 2,400000 -1,000000 2,400000 2,400000 1,152000
298 1631555015 2,400000 -1,000000 2,400000 2,400000 1,152000
298 1631555014 2,400000 -1,000000 2,400000 2,400000 1,152000
298 1631555013 2,400000 -1,000000 2,400000 2,400000 1,152000
298 1631555012 2,400000 -1,000000 2,400000 2,400000 1,152000
298 1631555011 4,200000 -1,000000 4,200000 4,200000 3,528000
298 1631555010 4,200000 -1,000000 4,200000 4,200000 3,528000
298 1631555009 4,200000 -1,000000 4,200000 4,200000 3,528000
298 1631555008 4,200000 -1,000000 4,200000 4,200000 3,528000
298 1631555007 4,200000 -1,000000 4,200000 4,200000 3,528000
298 1631555006 4,000000 -1,000000 4,000000 4,000000 3,200000
298 1631555005 4,000000 -1,000000 4,000000 4,000000 3,200000
298 1631555004 4,000000 -1,000000 4,000000 4,000000 3,200000
298 1631555003 4,000000 -1,000000 4,000000 4,000000 3,200000
298 1631555002 4,000000 -1,000000 4,000000 4,000000 3,200000
298 1631555001 3,800000 -1,000000 3,800000 3,800000 2,888000
298 1631555000 3,800000 -1,000000 3,800000 3,800000 2,888000
298 1631554999 3,800000 -1,000000 3,800000 3,800000 2,888000
298 1631554998 3,800000 -1,000000 3,800000 3,800000 2,888000
298 1631554997 3,800000 -1,000000 3,800000 3,800000 2,888000
298 1631554996 2,400000 -1,000000 2,400000 2,400000 1,152000
298 1631554995 2,400000 -1,000000 2,400000 2,400000 1,152000
298 1631554994 2,400000 -1,000000 2,400000 2,400000 1,152000
298 1631554993 2,400000 -1,000000 2,400000 2,400000 1,152000
298 1631554992 2,400000 -1,000000 2,400000 2,400000 1,152000
298 1631554991 3,400000 -1,000000 3,400000 3,400000 2,312000
298 1631554990 3,400000 -1,000000 3,400000 3,400000 2,312000
298 1631554989 3,400000 -1,000000 3,400000 3,400000 2,312000
298 1631554988 3,400000 -1,000000 3,400000 3,400000 2,312000
298 1631554987 3,400000 -1,000000 3,400000 3,400000 2,312000
298 1631554986 3,600000 -1,000000 3,600000 3,600000 2,592000
298 1631554985 3,600000 -1,000000 3,600000 3,600000 2,592000
298 1631554984 3,600000 -1,000000 3,600000 3,600000 2,592000
298 1631554983 3,600000 -1,000000 3,600000 3,600000 2,592000
298 1631554982 3,600000 -1,000000 3,600000 3,600000 2,592000
298 1631554981 3,200000 -1,000000 3,200000 3,200000 2,048000
298 1631554980 3,200000 -1,000000 3,200000 3,200000 2,048000
298 1631554979 3,200000 -1,000000 3,200000 3,200000 2,048000
298 1631554978 3,200000 -1,000000 3,200000 3,200000 2,048000
298 1631554977 3,200000 -1,000000 3,200000 3,200000 2,048000
298 1631554976 3,200000 -1,000000 3,200000 3,200000 2,048000
298 1631554975 3,200000 -1,000000 3,200000 3,200000 2,048000
298 1631554974 3,200000 -1,000000 3,200000 3,200000 2,048000
298 1631554973 3,200000 -1,000000 3,200000 3,200000 2,048000
298 1631554972 3,200000 -1,000000 3,200000 3,200000 2,048000
298 1631554971 3,400000 -1,000000 3,400000 3,400000 2,312000
298 1631554970 3,400000 -1,000000 3,400000 3,400000 2,312000
298 1631554969 3,400000 -1,000000 3,400000 3,400000 2,312000
298 1631554968 3,400000 -1,000000 3,400000 3,400000 2,312000
298 1631554967 3,400000 -1,000000 3,400000 3,400000 2,312000
298 1631554966 2,200000 -1,000000 2,200000 2,200000 0,968000
298 1631554965 2,200000 -1,000000 2,200000 2,200000 0,968000
298 1631554964 2,200000 -1,000000 2,200000 2,200000 0,968000
298 1631554963 2,200000 -1,000000 2,200000 2,200000 0,968000
298 1631554962 2,200000 -1,000000 2,200000 2,200000 0,968000
298 1631554961 4,000000 -1,000000 4,000000 4,000000 3,200000
298 1631554960 4,000000 -1,000000 4,000000 4,000000 3,200000
298 1631554960 4,000000 -1,000000 -101,000000 0,000000 0,000000
298 1631554961 4,000000 -1,000000 -101,000000 0,000000 0,000000
298 1631554962 2,200000 -1,000000 -101,000000 0,000000 0,000000
298 1631554963 2,200000 -1,000000 -101,000000 0,000000 0,000000
298 1631554964 2,200000 -1,000000 -101,000000 0,000000 0,000000
298 1631554965 2,200000 -1,000000 -101,000000 0,000000 0,000000
298 1631554966 2,200000 -1,000000 -101,000000 0,000000 0,000000
298 1631554967 3,400000 -1,000000 -101,000000 0,000000 0,000000
298 1631554968 3,400000 -1,000000 -101,000000 0,000000 0,000000
298 1631554969 3,400000 -1,000000 -101,000000 0,000000 0,000000
298 1631554970 3,400000 -1,000000 -101,000000 0,000000 0,000000
298 1631554971 3,400000 -1,000000 -101,000000 0,000000 0,000000
298 1631554972 3,200000 -1,000000 -101,000000 0,000000 0,000000
298 1631554973 3,200000 -1,000000 -101,000000 0,000000 0,000000
298 1631554974 3,200000 -1,000000 -101,000000 0,000000 0,000000
298 1631554975 3,200000 -1,000000 -101,000000 0,000000 0,000000
298 1631554976 3,200000 -1,000000 -101,000000 0,000000 0,000000
298 1631554977 3,200000 -1,000000 -101,000000 0,000000 0,000000
298 1631554978 3,200000 -1,000000 -101,000000 0,000000 0,000000
298 1631554979 3,200000 -1,000000 -101,000000 0,000000 0,000000
298 1631554980 3,200000 -1,000000 -101,000000 0,000000 0,000000
298 1631554981 3,200000 -1,000000 -101,000000 0,000000 0,000000
298 1631554982 3,600000 -1,000000 -101,000000 0,000000 0,000000
298 1631554983 3,600000 -1,000000 -101,000000 0,000000 0,000000
298 1631554984 3,600000 -1,000000 -101,000000 0,000000 0,000000
298 1631554985 3,600000 -1,000000 -101,000000 0,000000 0,000000
298 1631554986 3,600000 -1,000000 -101,000000 0,000000 0,000000
298 1631554987 3,400000 -1,000000 -101,000000 0,000000 0,000000
298 1631554988 3,400000 -1,000000 -101,000000 0,000000 0,000000
298 1631554989 3,400000 -1,000000 -101,000000 0,000000 0,000000
298 1631554990 3,400000 -1,000000 -101,000000 0,000000 0,000000
298 1631554991 3,400000 -1,000000 -101,000000 0,000000 0,000000
298 1631554992 2,400000 -1,000000 -101,000000 0,000000 0,000000
298 1631554993 2,400000 -1,000000 -101,000000 0,000000 0,000000
298 1631554994 2,400000 -1,000000 -101,000000 0,000000 0,000000
298 1631554995 2,400000 -1,000000 -101,000000 0,000000 0,000000
298 1631554996 2,400000 -1,000000 -101,000000 0,000000 0,000000
298 1631554997 3,800000 -1,000000 -101,000000 0,000000 0,000000
298 1631554998 3,800000 -1,000000 -101,000000 0,000000 0,000000
298 1631554999 3,800000 -1,000000 -101,000000 0,000000 0,000000
298 1631555000 3,800000 -1,000000 -101,000000 0,000000 0,000000
298 1631555001 3,800000 -1,000000 -101,000000 0,000000 0,000000
298 1631555002 4,000000 -1,000000 -101,000000 0,000000 0,000000
298 1631555003 4,000000 -1,000000 -101,000000 0,000000 0,000000
298 1631555004 4,000000 -1,000000 -101,000000 0,000000 0,000000
298 1631555005 4,000000 -1,000000 -101,000000 0,000000 0,000000
298 1631555006 4,000000 -1,000000 -101,000000 0,000000 0,000000
298 1631555007 4,200000 -1,000000 -101,000000 0,000000 0,000000
298 1631555008 4,200000 -1,000000 -101,000000 0,000000 0,000000
298 1631555009 4,200000 -1,000000 -101,000000 0,000000 0,000000
298 1631555010 4,200000 -1,000000 -101,000000 0,000000 0,000000
298 1631555011 4,200000 -1,000000 -101,000000 0,000000 0,000000
298 1631555012 2,400000 -1,000000 -101,000000 0,000000 0,000000
298 1631555013 2,400000 -1,000000 -101,000000 0,000000 0,000000
298 1631555014 2,400000 -1,000000 -101,000000 0,000000 0,000000
298 1631555015 2,400000 -1,000000 -101,000000 0,000000 0,000000
298 1631555016 2,400000 -1,000000 -101,000000 0,000000 0,000000
298 1631555017 3,200000 -1,000000 -101,000000 0,000000 0,000000
298 1631555018 3,200000 -1,000000 -101,000000 0,000000 0,000000
298 1631555019 3,200000 -1,000000 -101,000000 0,000000 0,000000
298 1631555020 3,200000 -1,000000 -101,000000 0,000000 0,000000
298 1631555021 3,200000 -1,000000 -101,000000 0,000000 0,000000
298 1631555022 3,400000 -1,000000 -101,000000 0,000000 0,000000
298 1631555023 3,400000 -1,000000 -101,000000 0,000000 0,000000
298 1631555024 3,400000 -1,000000 -101,000000 0,000000 0,000000
298 1631555025 3,400000 -1,000000 -101,000000 0,000000 0,000000
298 1631555026 3,400000 -1,000000 -101,000000 0,000000 0,000000
298 1631555027 3,600000 -1,000000 -101,000000 0,000000 0,000000
298 1631555028 3,600000 -1,000000 -101,000000 0,000000 0,000000
298 1631555029 3,600000 -1,000000 -101,000000 0,000000 0,000000
298 1631555030 3,600000 -1,000000 -101,000000 0,000000 0,000000
298 1631555031 3,600000 -1,000000 -101,000000 0,000000 0,000000
298 1631555032 3,800000 -1,000000 -101,000000 0,000000 0,000000
298 1631555033 3,800000 -1,000000 -101,000000 0,000000 0,000000
298 1631555034 3,800000 -1,000000 -101,000000 0,000000 0,000000
298 1631555035 3,800000 -1,000000 -101,000000 0,000000 0,000000
298 1631555036 3,800000 -1,000000 -101,000000 0,000000 0,000000
298 1631555037 2,400000 -1,000000 -101,000000 0,000000 0,000000
298 1631555038 2,400000 -1,000000 -101,000000 0,000000 0,000000
298 1631555039 2,400000 -1,000000 -101,000000 0,000000 0,000000
298 1631555040 2,400000 -1,000000 -101,000000 0,000000 0,000000
298 1631555041 2,400000 -1,000000 -101,000000 0,000000 0,000000
298 1631555042 3,000000 -1,000000 -101,000000 0,000000 0,000000
298 1631555043 3,000000 -1,000000 -101,000000 0,000000 0,000000
298 1631555044 3,000000 -1,000000 -101,000000 0,000000 0,000000
298 1631555045 3,000000 -1,000000 -101,000000 0,000000 0,000000
298 1631555046 3,000000 -1,000000 -101,000000 0,000000 0,000000
298 1631555047 2,800000 -1,000000 -101,000000 0,000000 0,000000
298 1631555048 2,800000 -1,000000 -101,000000 0,000000 0,000000
298 1631555049 2,800000 -1,000000 -101,000000 0,000000 0,000000
298 1631555050 2,800000 -1,000000 -101,000000 0,000000 0,000000
298 1631555051 2,800000 -1,000000 -101,000000 0,000000 0,000000
298 1631555052 4,400000 -1,000000 -101,000000 0,000000 0,000000
298 1631555053 4,400000 -1,000000 -101,000000 0,000000 0,000000
298 1631555054 4,400000 -1,000000 -101,000000 0,000000 0,000000
298 1631555055 4,400000 -1,000000 -101,000000 0,000000 0,000000
298 1631555056 4,400000 -1,000000 -101,000000 0,000000 0,000000
298 1631555057 3,600000 -1,000000 -101,000000 0,000000 0,000000
298 1631555058 3,600000 -1,000000 -101,000000 0,000000 0,000000
298 1631555059 3,600000 -1,000000 -101,000000 0,000000 0,000000
298 1631555060 3,600000 -1,000000 -101,000000 0,000000 0,000000
298 1631555061 3,600000 -1,000000 -101,000000 0,000000 0,000000
298 1631555062 3,200000 -1,000000 -101,000000 0,000000 0,000000
298 1631555063 3,200000 -1,000000 -101,000000 0,000000 0,000000
298 1631555064 3,200000 -1,000000 -101,000000 0,000000 0,000000
298 1631555065 3,200000 -1,000000 -101,000000 0,000000 0,000000
298 1631555066 3,200000 -1,000000 -101,000000 0,000000 0,000000
298 1631555067 3,400000 -1,000000 -101,000000 0,000000 0,000000
298 1631555068 3,400000 -1,000000 -101,000000 0,000000 0,000000
298 1631555069 3,400000 -1,000000 -101,000000 0,000000 0,000000
298 1631555070 3,400000 -1,000000 -101,000000 0,000000 0,000000
298 1631555071 3,400000 -1,000000 -101,000000 0,000000 0,000000
298 1631555072 3,800000 -1,000000 -101,000000 0,000000 0,000000
298 1631555073 3,800000 -1,000000 -101,000000 0,000000 0,000000
298 1631555074 3,800000 -1,000000 -101,000000 0,000000 0,000000
298 1631555075 3,800000 -1,000000 -101,000000 0,000000 0,000000
298 1631555076 3,800000 -1,000000 -101,000000 0,000000 0,000000
298 1631555077 3,400000 -1,000000 -101,000000 0,000000 0,000000
298 1631555078 3,400000 -1,000000 -101,000000 0,000000 0,000000
298 1631555079 3,400000 -1,000000 -101,000000 0,000000 0,000000
298 1631555080 3,400000 -1,000000 -101,000000 0,000000 0,000000
298 1631555081 3,400000 -1,000000 -101,000000 0,000000 0,000000
298 1631555082 3,200000 -1,000000 -101,000000 0,000000 0,000000
298 1631555083 3,200000 -1,000000 -101,000000 0,000000 0,000000
298 1631555084 3,200000 -1,000000 -101,000000 0,000000 0,000000
298 1631555085 3,200000 -1,000000 -101,000000 0,000000 0,000000
298 1631555086 3,200000 -1,000000 -101,000000 0,000000 0,000000
298 1631555087 3,200000 -1,000000 -101,000000 0,000000 0,000000
298 1631555088 3,200000 -1,000000 -101,000000 0,000000 0,000000
298 1631555089 3,200000 -1,000000 -101,000000 0,000000 0,000000
298 1631555090 3,200000 -1,000000 -101,000000 0,000000 0,000000
298 1631555091 3,200000 -1,000000 -101,000000 0,000000 0,000000
298 1631555092 3,800000 -1,000000 -101,000000 0,000000 0,000000
298 1631555093 3,800000 -1,000000 -101,000000 0,000000 0,000000
298 1631555094 3,800000 -1,000000 -101,000000 0,000000 0,000000
298 1631555095 3,800000 -1,000000 -101,000000 0,000000 0,000000
298 1631555096 3,800000 -1,000000 -101,000000 0,000000 0,000000
298 1631555097 2,800000 -1,000000 -101,000000 0,000000 0,000000
298 1631555098 2,800000 -1,000000 -101,000000 0,000000 0,000000
298 1631555099 2,800000 -1,000000 -101,000000 0,000000 0,000000
298 1631555100 2,800000 -1,000000 -101,000000 0,000000 0,000000
298 1631555101 2,800000 -1,000000 -101,000000 0,000000 0,000000
298 1631555102 3,600000 -1,000000 -101,000000 0,000000 0,000000
298 1631555103 3,600000 -1,000000 -101,000000 0,000000 0,000000
298 1631555104 3,600000 -1,000000 -101,000000 0,000000 0,000000
298 1631555105 3,600000 -1,000000 -101,000000 0,000000 0,000000
298 1631555106 3,600000 -1,000000 -101,000000 0,000000 0,000000
298 1631555107 3,600000 -1,000000 -101,000000 0,000000 0,000000
298 1631555108 3,600000 -1,000000 -101,000000 0,000000 0,000000
298 1631555109 3,600000 -1,000000 -101,000000 0,000000 0,000000
298 1631555110 3,600000 -1,000000 -101,000000 0,000000 0,000000
298 1631555111 3,600000 -1,000000 -101,000000 0,000000 0,000000
298 1631555112 3,000000 -1,000000 -101,000000 0,000000 0,000000
298 1631555113 3,000000 -1,000000 -101,000000 0,000000 0,000000
298 1631555114 3,000000 -1,000000 -101,000000 0,000000 0,000000
298 1631555115 3,000000 -1,000000 -101,000000 0,000000 0,000000
298 1631555116 3,000000 -1,000000 -101,000000 0,000000 0,000000
298 1631555117 5,000000 -1,000000 -101,000000 0,000000 0,000000
298 1631555118 5,000000 -1,000000 -101,000000 0,000000 0,000000
298 1631555119 5,000000 -1,000000 -101,000000 0,000000 0,000000
298 1631555120 5,000000 -1,000000 -101,000000 0,000000 0,000000
298 1631555121 5,000000 -1,000000 -101,000000 0,000000 0,000000
298 1631555122 1,400000 -1,000000 -101,000000 0,000000 0,000000
298 1631555123 1,400000 -1,000000 -101,000000 0,000000 0,000000
298 1631555124 1,400000 -1,000000 -101,000000 0,000000 0,000000
298 1631555125 1,400000 -1,000000 -101,000000 0,000000 0,000000
298 1631555126 1,400000 -1,000000 -101,000000 0,000000 0,000000
298 1631555127 4,000000 -1,000000 -101,000000 0,000000 0,000000
298 1631555128 4,000000 -1,000000 -101,000000 0,000000 0,000000
298 1631555129 4,000000 -1,000000 -101,000000 0,000000 0,000000
298 1631555130 4,000000 -1,000000 -101,000000 0,000000 0,000000
298 1631555131 4,000000 -1,000000 -101,000000 0,000000 0,000000
298 1631555132 2,200000 -1,000000 -101,000000 0,000000 0,000000
298 1631555133 2,200000 -1,000000 -101,000000 0,000000 0,000000
298 1631555134 2,200000 -1,000000 -101,000000 0,000000 0,000000
298 1631555135 2,200000 -1,000000 -101,000000 0,000000 0,000000
298 1631555136 2,200000 -1,000000 -101,000000 0,000000 0,000000
298 1631555137 4,600000 -1,000000 -101,000000 0,000000 0,000000
298 1631555138 4,600000 -1,000000 -101,000000 0,000000 0,000000
298 1631555139 4,600000 -1,000000 -101,000000 0,000000 0,000000
298 1631555140 4,600000 -1,000000 -101,000000 0,000000 0,000000
298 1631555141 4,600000 -1,000000 -101,000000 0,000000 0,000000
298 1631555142 3,200000 -1,000000 -101,000000 0,000000 0,000000
298 1631555143 3,200000 -1,000000 -101,000000 0,000000 0,000000
298 1631555144 3,200000 -1,000000 -101,000000 0,000000 0,000000
298 1631555145 3,200000 -1,000000 -101,000000 0,000000 0,000000
298 1631555146 3,200000 -1,000000 -101,000000 0,000000 0,000000
298 1631555147 2,800000 -1,000000 -101,000000 0,000000 0,000000
298 1631555148 2,800000 -1,000000 -101,000000 0,000000 0,000000
298 1631555149 2,800000 -1,000000 -101,000000 0,000000 0,000000
298 1631555150 2,800000 -1,000000 -101,000000 0,000000 0,000000
298 1631555151 2,800000 -1,000000 -101,000000 0,000000 0,000000
298 1631555152 3,200000 -1,000000 -101,000000 0,000000 0,000000
298 1631555153 3,200000 -1,000000 -101,000000 0,000000 0,000000
298 1631555154 3,200000 -1,000000 -101,000000 0,000000 0,000000
298 1631555155 3,200000 -1,000000 -101,000000 0,000000 0,000000
298 1631555156 3,200000 -1,000000 -101,000000 0,000000 0,000000
298 1631555157 2,000000 -1,000000 -101,000000 0,000000 0,000000
298 1631555158 2,000000 -1,000000 -101,000000 0,000000 0,000000
298 1631555159 2,000000 -1,000000 -101,000000 0,000000 0,000000
298 1631555160 2,000000 -1,000000 -101,000000 0,000000 0,000000
298 1631555161 2,000000 -1,000000 -101,000000 0,000000 0,000000
298 1631555162 3,800000 -1,000000 -101,000000 0,000000 0,000000
298 1631555163 3,800000 -1,000000 -101,000000 0,000000 0,000000
298 1631555164 3,800000 -1,000000 -101,000000 0,000000 0,000000
298 1631555165 3,800000 -1,000000 -101,000000 0,000000 0,000000
298 1631555166 3,800000 -1,000000 -101,000000 0,000000 0,000000
298 1631555167 3,400000 -1,000000 -101,000000 0,000000 0,000000
298 1631555168 3,400000 -1,000000 -101,000000 0,000000 0,000000
298 1631555169 3,400000 -1,000000 -101,000000 0,000000 0,000000
298 1631555170 3,400000 -1,000000 -101,000000 0,000000 0,000000
298 1631555171 3,400000 -1,000000 -101,000000 0,000000 0,000000
298 1631555172 3,600000 -1,000000 -101,000000 0,000000 0,000000
298 1631555173 3,600000 -1,000000 -101,000000 0,000000 0,000000
298 1631555174 3,600000 -1,000000 -101,000000 0,000000 0,000000
298 1631555175 3,600000 -1,000000 -101,000000 0,000000 0,000000
298 1631555176 3,600000 -1,000000 -101,000000 0,000000 0,000000
298 1631555177 2,200000 -1,000000 -101,000000 0,000000 0,000000
298 1631555178 2,200000 -1,000000 -101,000000 0,000000 0,000000
298 1631555179 2,200000 -1,000000 -101,000000 0,000000 0,000000
298 1631555180 2,200000 -1,000000 -101,000000 0,000000 0,000000
298 1631555181 2,200000 -1,000000 -101,000000 0,000000 0,000000
298 1631555182 3,200000 -1,000000 -101,000000 0,000000 0,000000
298 1631555183 3,200000 -1,000000 -101,000000 0,000000 0,000000
298 1631555184 3,200000 -1,000000 -101,000000 0,000000 0,000000
298 1631555185 3,200000 -1,000000 -101,000000 0,000000 0,000000
298 1631555186 3,200000 -1,000000 -101,000000 0,000000 0,000000
298 1631555187 3,600000 -1,000000 -101,000000 0,000000 0,000000
298 1631555188 3,600000 -1,000000 -101,000000 0,000000 0,000000
298 1631555189 3,600000 -1,000000 -101,000000 0,000000 0,000000
298 1631555190 3,600000 -1,000000 -101,000000 0,000000 0,000000
298 1631555191 3,600000 -1,000000 -101,000000 0,000000 0,000000
298 1631555192 2,800000 -1,000000 -101,000000 0,000000 0,000000
298 1631555193 2,800000 -1,000000 -101,000000 0,000000 0,000000
298 1631555194 2,800000 -1,000000 -101,000000 0,000000 0,000000
298 1631555195 2,800000 -1,000000 -101,000000 0,000000 0,000000
298 1631555196 2,800000 -1,000000 -101,000000 0,000000 0,000000
298 1631555197 3,800000 -1,000000 -101,000000 0,000000 0,000000
298 1631555198 3,800000 -1,000000 -101,000000 0,000000 0,000000
298 1631555199 3,800000 -1,000000 -101,000000 0,000000 0,000000
298 1631555200 3,800000 -1,000000 -101,000000 0,000000 0,000000
298 1631555201 3,800000 -1,000000 -101,000000 0,000000 0,000000
298 1631555202 3,400000 -1,000000 -101,000000 0,000000 0,000000
298 1631555203 3,400000 -1,000000 -101,000000 0,000000 0,000000
298 1631555204 3,400000 -1,000000 -101,000000 0,000000 0,000000
298 1631555205 3,400000 -1,000000 -101,000000 0,000000 0,000000
298 1631555206 3,400000 -1,000000 -101,000000 0,000000 0,000000
298 1631555207 3,000000 -1,000000 -101,000000 0,000000 0,000000
298 1631555208 3,000000 -1,000000 -101,000000 0,000000 0,000000
298 1631555209 3,000000 -1,000000 -101,000000 0,000000 0,000000
298 1631555210 3,000000 -1,000000 -101,000000 0,000000 0,000000
298 1631555211 3,000000 -1,000000 -101,000000 0,000000 0,000000
298 1631555212 3,600000 -1,000000 -101,000000 0,000000 0,000000
298 1631555213 3,600000 -1,000000 -101,000000 0,000000 0,000000
298 1631555214 3,600000 -1,000000 -101,000000 0,000000 0,000000
298 1631555215 3,600000 -1,000000 -101,000000 0,000000 0,000000
298 1631555216 3,600000 -1,000000 -101,000000 0,000000 0,000000
298 1631555217 2,200000 -1,000000 -101,000000 0,000000 0,000000
298 1631555218 2,200000 -1,000000 -101,000000 0,000000 0,000000
298 1631555219 2,200000 -1,000000 -101,000000 0,000000 0,000000
298 1631555220 2,200000 -1,000000 -101,000000 0,000000 0,000000
298 1631555221 2,200000 -1,000000 -101,000000 0,000000 0,000000
298 1631555222 4,600000 -1,000000 -101,000000 0,000000 0,000000
298 1631555223 4,600000 -1,000000 -101,000000 0,000000 0,000000
298 1631555224 4,600000 -1,000000 -101,000000 0,000000 0,000000
298 1631555225 4,600000 -1,000000 -101,000000 0,000000 0,000000
298 1631555226 4,600000 -1,000000 -101,000000 0,000000 0,000000
298 1631555227 3,400000 -1,000000 -101,000000 0,000000 0,000000
298 1631555228 3,400000 -1,000000 -101,000000 0,000000 0,000000
298 1631555229 3,400000 -1,000000 -101,000000 0,000000 0,000000
298 1631555230 3,400000 -1,000000 -101,000000 0,000000 0,000000
298 1631555231 3,400000 -1,000000 -101,000000 0,000000 0,000000
298 1631555232 3,600000 -1,000000 -101,000000 0,000000 0,000000
298 1631555233 3,600000 -1,000000 -101,000000 0,000000 0,000000
298 1631555234 3,600000 -1,000000 -101,000000 0,000000 0,000000
298 1631555235 3,600000 -1,000000 -101,000000 0,000000 0,000000
298 1631555236 3,600000 -1,000000 -101,000000 0,000000 0,000000
298 1631555237 3,400000 -1,000000 -101,000000 0,000000 0,000000
298 1631555238 3,400000 -1,000000 -101,000000 0,000000 0,000000
298 1631555239 3,400000 -1,000000 -101,000000 0,000000 0,000000
298 1631555240 3,400000 -1,000000 -101,000000 0,000000 0,000000
298 1631555241 3,400000 -1,000000 -101,000000 0,000000 0,000000
298 1631555242 2,600000 -1,000000 -101,000000 0,000000 0,000000
298 1631555243 2,600000 -1,000000 -101,000000 0,000000 0,000000
298 1631555244 2,600000 -1,000000 -101,000000 0,000000 0,000000
298 1631555245 2,600000 -1,000000 -101,000000 0,000000 0,000000
298 1631555246 2,600000 -1,000000 -101,000000 0,000000 0,000000
298 1631555247 4,200000 -1,000000 -101,000000 0,000000 0,000000
298 1631555248 4,200000 -1,000000 -101,000000 0,000000 0,000000
298 1631555249 4,200000 -1,000000 -101,000000 0,000000 0,000000
298 1631555250 4,200000 -1,000000 -101,000000 0,000000 0,000000
298 1631555251 4,200000 -1,000000 -101,000000 0,000000 0,000000
298 1631555252 3,000000 -1,000000 -101,000000 0,000000 0,000000
298 1631555253 3,000000 -1,000000 -101,000000 0,000000 0,000000
298 1631555254 3,000000 -1,000000 -101,000000 0,000000 0,000000
298 1631555255 3,000000 -1,000000 -101,000000 0,000000 0,000000
298 1631555256 3,000000 -1,000000 -101,000000 0,000000 0,000000
298 1631555257 4,400000 -1,000000 -101,000000 0,000000 0,000000
298 1631555258 4,400000 -1,000000 -101,000000 0,000000 0,000000
298 1631555259 4,400000 -1,000000 -101,000000 0,000000 0,000000
298 1631555260 4,400000 -1,000000 -101,000000 0,000000 0,000000
298 1631555261 4,400000 -1,000000 -101,000000 0,000000 0,000000
298 1631555262 1,800000 -1,000000 -101,000000 0,000000 0,000000
298 1631555263 1,800000 -1,000000 -101,000000 0,000000 0,000000
298 1631555264 1,800000 -1,000000 -101,000000 0,000000 0,000000
298 1631555265 1,800000 -1,000000 -101,000000 0,000000 0,000000
298 1631555266 1,800000 -1,000000 -101,000000 0,000000 0,000000
298 1631555267 3,400000 -1,000000 -101,000000 0,000000 0,000000
298 1631555268 3,400000 -1,000000 -101,000000 0,000000 0,000000
298 1631555269 3,400000 -1,000000 -101,000000 0,000000 0,000000
298 1631555270 3,400000 -1,000000 -101,000000 0,000000 0,000000
298 1631555271 3,400000 -1,000000 -101,000000 0,000000 0,000000
298 1631555272 3,000000 -1,000000 -101,000000 0,000000 0,000000
298 1631555273 3,000000 -1,000000 -101,000000 0,000000 0,000000
298 1631555274 3,000000 -1,000000 -101,000000 0,000000 0,000000
298 1631555275 3,000000 -1,000000 -101,000000 0,000000 0,000000
298 1631555276 3,000000 -1,000000 -101,000000 0,000000 0,000000
298 1631555277 4,200000 -1,000000 -101,000000 0,000000 0,000000
298 1631555278 4,200000 -1,000000 -101,000000 0,000000 0,000000
298 1631555279 4,200000 -1,000000 -101,000000 0,000000 0,000000
298 1631555280 4,200000 -1,000000 -101,000000 0,000000 0,000000
298 1631555281 4,200000 -1,000000 -101,000000 0,000000 0,000000
298 1631555282 3,400000 -1,000000 -101,000000 0,000000 0,000000
298 1631555283 3,400000 -1,000000 -101,000000 0,000000 0,000000
298 1631555284 3,400000 -1,000000 -101,000000 0,000000 0,000000
298 1631555285 3,400000 -1,000000 -101,000000 0,000000 0,000000
298 1631555286 3,400000 -1,000000 -101,000000 0,000000 0,000000
298 1631555287 3,200000 -1,000000 -101,000000 0,000000 0,000000
298 1631555288 3,200000 -1,000000 -101,000000 0,000000 0,000000
298 1631555289 3,200000 -1,000000 -101,000000 0,000000 0,000000
298 1631555290 3,200000 -1,000000 -101,000000 0,000000 0,000000
298 1631555291 3,200000 -1,000000 -101,000000 0,000000 0,000000
298 1631555292 3,800000 -1,000000 -101,000000 0,000000 0,000000
298 1631555293 3,800000 -1,000000 -101,000000 0,000000 0,000000
298 1631555294 3,800000 -1,000000 -101,000000 0,000000 0,000000
298 1631555295 3,800000 -1,000000 -101,000000 0,000000 0,000000
298 1631555296 3,800000 -1,000000 -101,000000 0,000000 0,000000
298 1631555297 3,000000 -1,000000 -101,000000 0,000000 0,000000
298 1631555298 3,000000 -1,000000 -101,000000 0,000000 0,000000
298 1631555299 3,000000 -1,000000 -101,000000 0,000000 0,000000
298 1631555300 3,000000 -1,000000 -101,000000 0,000000 0,000000
298 1631555301 3,000000 -1,000000 -101,000000 0,000000 0,000000
298 1631555302 3,400000 -1,000000 -101,000000 0,000000 0,000000
298 1631555303 3,400000 -1,000000 -101,000000 0,000000 0,000000
298 1631555304 3,400000 -1,000000 -101,000000 0,000000 0,000000
298 1631555305 3,400000 -1,000000 -101,000000 0,000000 0,000000
298 1631555306 3,400000 -1,000000 -101,000000 0,000000 0,000000
298 1631555307 3,600000 -1,000000 -101,000000 0,000000 0,000000
298 1631555308 3,600000 -1,000000 -101,000000 0,000000 0,000000
298 1631555309 3,600000 -1,000000 -101,000000 0,000000 0,000000
298 1631555310 3,600000 -1,000000 -101,000000 0,000000 0,000000
298 1631555311 3,600000 -1,000000 -101,000000 0,000000 0,000000
298 1631555312 3,800000 -1,000000 -101,000000 0,000000 0,000000
298 1631555313 3,800000 -1,000000 -101,000000 0,000000 0,000000
298 1631555314 3,800000 -1,000000 -101,000000 0,000000 0,000000
298 1631555315 3,800000 -1,000000 -101,000000 0,000000 0,000000
298 1631555316 3,800000 -1,000000 -101,000000 0,000000 0,000000
298 1631555317 3,000000 -1,000000 -101,000000 0,000000 0,000000
298 1631555318 3,000000 -1,000000 -101,000000 0,000000 0,000000
298 1631555319 3,000000 -1,000000 -101,000000 0,000000 0,000000
298 1631555320 3,000000 -1,000000 -101,000000 0,000000 0,000000
298 1631555321 3,000000 -1,000000 -101,000000 0,000000 0,000000
298 1631555322 3,200000 -1,000000 -101,000000 0,000000 0,000000
298 1631555323 3,200000 -1,000000 -101,000000 0,000000 0,000000
298 1631555324 3,200000 -1,000000 -101,000000 0,000000 0,000000
298 1631555325 3,200000 -1,000000 -101,000000 0,000000 0,000000
298 1631555326 3,200000 -1,000000 -101,000000 0,000000 0,000000
298 1631555327 3,400000 -1,000000 -101,000000 0,000000 0,000000
298 1631555328 3,400000 -1,000000 -101,000000 0,000000 0,000000
298 1631555329 3,400000 -1,000000 -101,000000 0,000000 0,000000
298 1631555330 3,400000 -1,000000 -101,000000 0,000000 0,000000
298 1631555331 3,400000 -1,000000 -101,000000 0,000000 0,000000
298 1631555332 3,400000 -1,000000 -101,000000 0,000000 0,000000
298 1631555333 3,400000 -1,000000 -101,000000 0,000000 0,000000
298 1631555334 3,400000 -1,000000 -101,000000 0,000000 0,000000
298 1631555335 3,400000 -1,000000 -101,000000 0,000000 0,000000
298 1631555336 3,400000 -1,000000 -101,000000 0,000000 0,000000
298 1631555337 2,400000 -1,000000 -101,000000 0,000000 0,000000
298 1631555338 2,400000 -1,000000 -101,000000 0,000000 0,000000
298 1631555339 2,400000 -1,000000 -101,000000 0,000000 0,000000
298 1631555340 2,400000 -1,000000 -101,000000 0,000000 0,000000
298 1631555341 2,400000 -1,000000 -101,000000 0,000000 0,000000
298 1631555342 4,600000 -1,000000 -101,000000 0,000000 0,000000
298 1631555343 4,600000 -1,000000 -101,000000 0,000000 0,000000
298 1631555344 4,600000 -1,000000 -101,000000 0,000000 0,000000
298 1631555345 4,600000 -1,000000 -101,000000 0,000000 0,000000
298 1631555346 4,600000 -1,000000 -101,000000 0,000000 0,000000
298 1631555347 3,600000 -1,000000 -101,000000 0,000000 0,000000
298 1631555348 3,600000 -1,000000 -101,000000 0,000000 0,000000
298 1631555349 3,600000 -1,000000 -101,000000 0,000000 0,000000
298 1631555350 3,600000 -1,000000 -101,000000 0,000000 0,000000
298 1631555351 3,600000 -1,000000 -101,000000 0,000000 0,000000
298 1631555352 3,000000 -1,000000 -101,000000 0,000000 0,000000
298 1631555353 3,000000 -1,000000 -101,000000 0,000000 0,000000
298 1631555354 3,000000 -1,000000 -101,000000 0,000000 0,000000
298 1631555355 3,000000 -1,000000 -101,000000 0,000000 0,000000
298 1631555356 3,000000 -1,000000 -101,000000 0,000000 0,000000
298 1631555357 3,200000 -1,000000 -101,000000 0,000000 0,000000
298 1631555358 3,200000 -1,000000 -101,000000 0,000000 0,000000
298 1631555359 3,200000 -1,000000 -101,000000 0,000000 0,000000
298 1631555360 3,200000 -1,000000 -101,000000 0,000000 0,000000
298 1631555361 3,200000 -1,000000 -101,000000 0,000000 0,000000
298 1631555362 2,800000 -1,000000 -101,000000 0,000000 0,000000
298 1631555363 2,800000 -1,000000 -101,000000 0,000000 0,000000
298 1631555364 2,800000 -1,000000 -101,000000 0,000000 0,000000
298 1631555365 2,800000 -1,000000 -101,000000 0,000000 0,000000
298 1631555366 2,800000 -1,000000 -101,000000 0,000000 0,000000
298 1631555367 4,600000 -1,000000 -101,000000 0,000000 0,000000
298 1631555368 4,600000 -1,000000 -101,000000 0,000000 0,000000
298 1631555369 4,600000 -1,000000 -101,000000 0,000000 0,000000
298 1631555370 4,600000 -1,000000 -101,000000 0,000000 0,000000
298 1631555371 4,600000 -1,000000 -101,000000 0,000000 0,000000
298 1631555372 2,600000 -1,000000 -101,000000 0,000000 0,000000
298 1631555373 2,600000 -1,000000 -101,000000 0,000000 0,000000
298 1631555374 2,600000 -1,000000 -101,000000 0,000000 0,000000
298 1631555375 2,600000 -1,000000 -101,000000 0,000000 0,000000
298 1631555376 2,600000 -1,000000 -101,000000 0,000000 0,000000
298 1631555377 3,200000 -1,000000 -101,000000 0,000000 0,000000
298 1631555378 3,200000 -1,000000 -101,000000 0,000000 0,000000
298 1631555379 3,200000 -1,000000 -101,000000 0,000000 0,000000
298 1631555380 3,200000 -1,000000 -101,000000 0,000000 0,000000
298 1631555381 3,200000 -1,000000 -101,000000 0,000000 0,000000
298 1631555382 2,200000 -1,000000 -101,000000 0,000000 0,000000
298 1631555383 2,200000 -1,000000 -101,000000 0,000000 0,000000
298 1631555384 2,200000 -1,000000 -101,000000 0,000000 0,000000
298 1631555385 2,200000 -1,000000 -101,000000 0,000000 0,000000
298 1631555386 2,200000 -1,000000 -101,000000 0,000000 0,000000
298 1631555387 3,600000 -1,000000 -101,000000 0,000000 0,000000
298 1631555388 3,600000 -1,000000 -101,000000 0,000000 0,000000
298 1631555389 3,600000 -1,000000 -101,000000 0,000000 0,000000
298 1631555390 3,600000 -1,000000 -101,000000 0,000000 0,000000
298 1631555391 3,600000 -1,000000 -101,000000 0,000000 0,000000
298 1631555392 3,800000 -1,000000 -101,000000 0,000000 0,000000
298 1631555393 3,800000 -1,000000 -101,000000 0,000000 0,000000
298 1631555394 3,800000 -1,000000 -101,000000 0,000000 0,000000
298 1631555395 3,800000 -1,000000 -101,000000 0,000000 0,000000
298 1631555396 3,800000 -1,000000 -101,000000 0,000000 0,000000
298 1631555397 4,200000 -1,000000 -101,000000 0,000000 0,000000
298 1631555398 4,200000 -1,000000 -101,000000 0,000000 0,000000
298 1631555399 4,200000 -1,000000 -101,000000 0,000000 0,000000
298 1631555400 4,200000 -1,000000 -101,000000 0,000000 0,000000
298 1631555401 4,200000 -1,000000 -101,000000 0,000000 0,000000
298 1631555402 2,400000 -1,000000 -101,000000 0,000000 0,000000
298 1631555403 2,400000 -1,000000 -101,000000 0,000000 0,000000
298 1631555404 2,400000 -1,000000 -101,000000 0,000000 0,000000
298 1631555405 2,400000 -1,000000 -101,000000 0,000000 0,000000
298 1631555406 2,400000 -1,000000 -101,000000 0,000000 0,000000
298 1631555407 3,200000 -1,000000 -101,000000 0,000000 0,000000
298 1631555408 3,200000 -1,000000 -101,000000 0,000000 0,000000
298 1631555409 3,200000 -1,000000 -101,000000 0,000000 0,000000
298 1631555410 3,200000 -1,000000 -101,000000 0,000000 0,000000
298 1631555411 3,200000 -1,000000 -101,000000 0,000000 0,000000
298 1631555412 4,200000 -1,000000 -101,000000 0,000000 0,000000
298 1631555413 4,200000 -1,000000 -101,000000 0,000000 0,000000
298 1631555414 4,200000 -1,000000 -101,000000 0,000000 0,000000
298 1631555415 4,200000 -1,000000 -101,000000 0,000000 0,000000
298 1631555416 4,200000 -1,000000 -101,000000 0,000000 0,000000
298 1631555417 3,800000 -1,000000 -101,000000 0,000000 0,000000
298 1631555418 3,800000 -1,000000 -101,000000 0,000000 0,000000
298 1631555419 3,800000 -1,000000 -101,000000 0,000000 0,000000
298 1631555420 3,800000 -1,000000 -101,000000 0,000000 0,000000
298 1631555421 3,800000 -1,000000 -101,000000 0,000000 0,000000
298 1631555422 2,200000 -1,000000 -101,000000 0,000000 0,000000
298 1631555423 2,200000 -1,000000 -101,000000 0,000000 0,000000
298 1631555424 2,200000 -1,000000 -101,000000 0,000000 0,000000
298 1631555425 2,200000 -1,000000 -101,000000 0,000000 0,000000
298 1631555426 2,200000 -1,000000 -101,000000 0,000000 0,000000
298 1631555427 3,800000 -1,000000 -101,000000 0,000000 0,000000
298 1631555428 3,800000 -1,000000 -101,000000 0,000000 0,000000
298 1631555429 3,800000 -1,000000 -101,000000 0,000000 0,000000
298 1631555430 3,800000 -1,000000 -101,000000 0,000000 0,000000
298 1631555431 3,800000 -1,000000 -101,000000 0,000000 0,000000
298 1631555432 1,800000 -1,000000 -101,000000 0,000000 0,000000
298 1631555433 1,800000 -1,000000 -101,000000 0,000000 0,000000
298 1631555434 1,800000 -1,000000 -101,000000 0,000000 0,000000
298 1631555435 1,800000 -1,000000 -101,000000 0,000000 0,000000
298 1631555436 1,800000 -1,000000 -101,000000 0,000000 0,000000
298 1631555437 3,800000 -1,000000 -101,000000 0,000000 0,000000
298 1631555438 3,800000 -1,000000 -101,000000 0,000000 0,000000
298 1631555439 3,800000 -1,000000 -101,000000 0,000000 0,000000
298 1631555440 3,800000 -1,000000 -101,000000 0,000000 0,000000
298 1631555441 3,800000 -1,000000 -101,000000 0,000000 0,000000
298 1631555442 4,200000 -1,000000 -101,000000 0,000000 0,000000
298 1631555443 4,200000 -1,000000 -101,000000 0,000000 0,000000
298 1631555444 4,200000 -1,000000 -101,000000 0,000000 0,000000
298 1631555445 4,200000 -1,000000 -101,000000 0,000000 0,000000
298 1631555446 4,200000 -1,000000 -101,000000 0,000000 0,000000
298 1631555447 3,400000 -1,000000 -101,000000 0,000000 0,000000
298 1631555448 3,400000 -1,000000 -101,000000 0,000000 0,000000
298 1631555449 3,400000 -1,000000 -101,000000 0,000000 0,000000
298 1631555450 3,400000 -1,000000 -101,000000 0,000000 0,000000
298 1631555451 3,400000 -1,000000 -101,000000 0,000000 0,000000
298 1631555452 3,800000 -1,000000 -101,000000 0,000000 0,000000
298 1631555453 3,800000 -1,000000 -101,000000 0,000000 0,000000
298 1631555454 3,800000 -1,000000 -101,000000 0,000000 0,000000
298 1631555455 3,800000 -1,000000 -101,000000 0,000000 0,000000
298 1631555456 3,800000 -1,000000 -101,000000 0,000000 0,000000
298 1631555457 1,800000 -1,000000 -101,000000 0,000000 0,000000
298 1631555458 1,800000 -1,000000 -101,000000 0,000000 0,000000
298 1631555459 1,800000 -1,000000 -101,000000 0,000000 0,000000
298 1631555460 1,800000 -1,000000 -101,000000 0,000000 0,000000
298 1631555461 1,800000 -1,000000 -101,000000 0,000000 0,000000
298 1631555462 4,800000 -1,000000 -101,000000 0,000000 0,000000
298 1631555463 4,800000 -1,000000 -101,000000 0,000000 0,000000
298 1631555464 4,800000 -1,000000 -101,000000 0,000000 0,000000
298 1631555465 4,800000 -1,000000 -101,000000 0,000000 0,000000
298 1631555466 4,800000 -1,000000 -101,000000 0,000000 0,000000
298 1631555467 2,000000 -1,000000 -101,000000 0,000000 0,000000
298 1631555468 2,000000 -1,000000 -101,000000 0,000000 0,000000
298 1631555469 2,000000 -1,000000 -101,000000 0,000000 0,000000
298 1631555470 2,000000 -1,000000 -101,000000 0,000000 0,000000
298 1631555471 2,000000 -1,000000 -101,000000 0,000000 0,000000
298 1631555472 3,200000 -1,000000 -101,000000 0,000000 0,000000
298 1631555473 3,200000 -1,000000 -101,000000 0,000000 0,000000
298 1631555474 3,200000 -1,000000 -101,000000 0,000000 0,000000
298 1631555475 3,200000 -1,000000 -101,000000 0,000000 0,000000
298 1631555476 3,200000 -1,000000 -101,000000 0,000000 0,000000
298 1631555477 3,400000 -1,000000 -101,000000 0,000000 0,000000
298 1631555478 3,400000 -1,000000 -101,000000 0,000000 0,000000
298 1631555479 3,400000 -1,000000 -101,000000 0,000000 0,000000
298 1631555480 3,400000 -1,000000 -101,000000 0,000000 0,000000
298 1631555481 3,400000 -1,000000 -101,000000 0,000000 0,000000
298 1631555482 3,200000 -1,000000 -101,000000 0,000000 0,000000
298 1631555483 3,200000 -1,000000 -101,000000 0,000000 0,000000
298 1631555484 3,200000 -1,000000 -101,000000 0,000000 0,000000
298 1631555485 3,200000 -1,000000 -101,000000 0,000000 0,000000
298 1631555486 3,200000 -1,000000 -101,000000 0,000000 0,000000
298 1631555487 3,600000 -1,000000 -101,000000 0,000000 0,000000
298 1631555488 3,600000 -1,000000 -101,000000 0,000000 0,000000
298 1631555489 3,600000 -1,000000 -101,000000 0,000000 0,000000
298 1631555490 3,600000 -1,000000 -101,000000 0,000000 0,000000
298 1631555491 3,600000 -1,000000 -101,000000 0,000000 0,000000
298 1631555492 2,800000 -1,000000 -101,000000 0,000000 0,000000
298 1631555493 2,800000 -1,000000 -101,000000 0,000000 0,000000
298 1631555494 2,800000 -1,000000 -101,000000 0,000000 0,000000
298 1631555495 2,800000 -1,000000 -101,000000 0,000000 0,000000
298 1631555496 2,800000 -1,000000 -101,000000 0,000000 0,000000
298 1631555497 2,000000 -1,000000 -101,000000 0,000000 0,000000
298 1631555498 2,000000 -1,000000 -101,000000 0,000000 0,000000
298 1631555499 2,000000 -1,000000 -101,000000 0,000000 0,000000
298 1631555500 2,000000 -1,000000 -101,000000 0,000000 0,000000
298 1631555501 2,000000 -1,000000 -101,000000 0,000000 0,000000
298 1631555502 3,200000 -1,000000 -101,000000 0,000000 0,000000
298 1631555503 3,200000 -1,000000 -101,000000 0,000000 0,000000
298 1631555504 3,200000 -1,000000 -101,000000 0,000000 0,000000
298 1631555505 3,200000 -1,000000 -101,000000 0,000000 0,000000
298 1631555506 3,200000 -1,000000 -101,000000 0,000000 0,000000
298 1631555507 3,800000 -1,000000 -101,000000 0,000000 0,000000
298 1631555508 3,800000 -1,000000 -101,000000 0,000000 0,000000
298 1631555509 3,800000 -1,000000 -101,000000 0,000000 0,000000
298 1631555510 3,800000 -1,000000 -101,000000 0,000000 0,000000
298 1631555511 3,800000 -1,000000 -101,000000 0,000000 0,000000
298 1631555512 3,400000 -1,000000 -101,000000 0,000000 0,000000
298 1631555513 3,400000 -1,000000 -101,000000 0,000000 0,000000
298 1631555514 3,400000 -1,000000 -101,000000 0,000000 0,000000
298 1631555515 3,400000 -1,000000 -101,000000 0,000000 0,000000
298 1631555516 3,400000 -1,000000 -101,000000 0,000000 0,000000
298 1631555517 2,400000 -1,000000 -101,000000 0,000000 0,000000
298 1631555518 2,400000 -1,000000 -101,000000 0,000000 0,000000
298 1631555519 2,400000 -1,000000 -101,000000 0,000000 0,000000
298 1631555520 2,400000 -1,000000 -101,000000 0,000000 0,000000
298 1631555521 2,400000 -1,000000 -101,000000 0,000000 0,000000
298 1631555522 2,800000 -1,000000 -101,000000 0,000000 0,000000
298 1631555523 2,800000 -1,000000 -101,000000 0,000000 0,000000
298 1631555524 2,800000 -1,000000 -101,000000 0,000000 0,000000
298 1631555525 2,800000 -1,000000 -101,000000 0,000000 0,000000
298 1631555526 2,800000 -1,000000 -101,000000 0,000000 0,000000
298 1631555527 4,000000 -1,000000 -101,000000 0,000000 0,000000
298 1631555528 4,000000 -1,000000 -101,000000 0,000000 0,000000
298 1631555529 4,000000 -1,000000 -101,000000 0,000000 0,000000
298 1631555530 4,000000 -1,000000 -101,000000 0,000000 0,000000
298 1631555531 4,000000 -1,000000 -101,000000 0,000000 0,000000
298 1631555532 3,600000 -1,000000 -101,000000 0,000000 0,000000
298 1631555533 3,600000 -1,000000 -101,000000 0,000000 0,000000
298 1631555534 3,600000 -1,000000 -101,000000 0,000000 0,000000
298 1631555535 3,600000 -1,000000 -101,000000 0,000000 0,000000
298 1631555536 3,600000 -1,000000 -101,000000 0,000000 0,000000
298 1631555537 3,400000 -1,000000 -101,000000 0,000000 0,000000
298 1631555538 3,400000 -1,000000 -101,000000 0,000000 0,000000
298 1631555539 3,400000 -1,000000 -101,000000 0,000000 0,000000
298 1631555540 3,400000 -1,000000 -101,000000 0,000000 0,000000
298 1631555541 3,400000 -1,000000 -101,000000 0,000000 0,000000
298 1631555542 2,000000 -1,000000 -101,000000 0,000000 0,000000
298 1631555543 2,000000 -1,000000 -101,000000 0,000000 0,000000
298 1631555544 2,000000 -1,000000 -101,000000 0,000000 0,000000
298 1631555545 2,000000 -1,000000 -101,000000 0,000000 0,000000
298 1631555546 2,000000 -1,000000 -101,000000 0,000000 0,000000
298 1631555547 3,400000 -1,000000 -101,000000 0,000000 0,000000
298 1631555548 3,400000 -1,000000 -101,000000 0,000000 0,000000
298 1631555549 3,400000 -1,000000 -101,000000 0,000000 0,000000
298 1631555550 3,400000 -1,000000 -101,000000 0,000000 0,000000
298 1631555551 3,400000 -1,000000 -101,000000 0,000000 0,000000
298 1631555552 2,600000 -1,000000 -101,000000 0,000000 0,000000
298 1631555553 2,600000 -1,000000 -101,000000 0,000000 0,000000
298 1631555554 2,600000 -1,000000 -101,000000 0,000000 0,000000
298 1631555555 2,600000 -1,000000 -101,000000 0,000000 0,000000
298 1631555556 2,600000 -1,000000 -101,000000 0,000000 0,000000
298 1631555557 4,200000 -1,000000 -101,000000 0,000000 0,000000
298 1631555558 4,200000 -1,000000 -101,000000 0,000000 0,000000
298 1631555559 4,200000 -1,000000 -101,000000 0,000000 0,000000
298 1631555560 4,200000 -1,000000 -101,000000 0,000000 0,000000
298 1631555621 3,400000 -1,000000 3,400000 3,400000 2,312000
298 1631555620 3,400000 -1,000000 3,400000 3,400000 2,312000
298 1631555619 3,400000 -1,000000 3,400000 3,400000 2,312000
298 1631555618 3,400000 -1,000000 3,400000 3,400000 2,312000
298 1631555617 3,400000 -1,000000 3,400000 3,400000 2,312000
298 1631555616 3,000000 -1,000000 3,000000 3,000000 1,800000
298 1631555615 3,000000 -1,000000 3,000000 3,000000 1,800000
298 1631555614 3,000000 -1,000000 3,000000 3,000000 1,800000
298 1631555613 3,000000 -1,000000 3,000000 3,000000 1,800000
298 1631555612 3,000000 -1,000000 3,000000 3,000000 1,800000
298 1631555611 3,600000 -1,000000 3,600000 3,600000 2,592000
298 1631555610 3,600000 -1,000000 3,600000 3,600000 2,592000
298 1631555609 3,600000 -1,000000 3,600000 3,600000 2,592000
298 1631555608 3,600000 -1,000000 3,600000 3,600000 2,592000
298 1631555607 3,600000 -1,000000 3,600000 3,600000 2,592000
298 1631555606 3,400000 -1,000000 3,400000 3,400000 2,312000
298 1631555605 3,400000 -1,000000 3,400000 3,400000 2,312000
298 1631555604 3,400000 -1,000000 3,400000 3,400000 2,312000
298 1631555603 3,400000 -1,000000 3,400000 3,400000 2,312000
298 1631555602 3,400000 -1,000000 3,400000 3,400000 2,312000
298 1631555601 3,000000 -1,000000 3,000000 3,000000 1,800000
298 1631555600 3,000000 -1,000000 3,000000 3,000000 1,800000
298 1631555599 3,000000 -1,000000 3,000000 3,000000 1,800000
298 1631555598 3,000000 -1,000000 3,000000 3,000000 1,800000
298 1631555597 3,000000 -1,000000 3,000000 3,000000 1,800000
298 1631555596 3,400000 -1,000000 3,400000 3,400000 2,312000
298 1631555595 3,400000 -1,000000 3,400000 3,400000 2,312000
298 1631555594 3,400000 -1,000000 3,400000 3,400000 2,312000
298 1631555593 3,400000 -1,000000 3,400000 3,400000 2,312000
298 1631555592 3,400000 -1,000000 3,400000 3,400000 2,312000
298 1631555591 3,000000 -1,000000 3,000000 3,000000 1,800000
298 1631555590 3,000000 -1,000000 3,000000 3,000000 1,800000
298 1631555589 3,000000 -1,000000 3,000000 3,000000 1,800000
298 1631555588 3,000000 -1,000000 3,000000 3,000000 1,800000
298 1631555587 3,000000 -1,000000 3,000000 3,000000 1,800000
298 1631555586 4,200000 -1,000000 4,200000 4,200000 3,528000
298 1631555585 4,200000 -1,000000 4,200000 4,200000 3,528000
298 1631555584 4,200000 -1,000000 4,200000 4,200000 3,528000
298 1631555583 4,200000 -1,000000 4,200000 4,200000 3,528000
298 1631555582 4,200000 -1,000000 4,200000 4,200000 3,528000
298 1631555581 4,000000 -1,000000 4,000000 4,000000 3,200000
298 1631555580 4,000000 -1,000000 4,000000 4,000000 3,200000
298 1631555579 4,000000 -1,000000 4,000000 4,000000 3,200000
298 1631555578 4,000000 -1,000000 4,000000 4,000000 3,200000
298 1631555577 4,000000 -1,000000 4,000000 4,000000 3,200000
298 1631555576 2,800000 -1,000000 2,800000 2,800000 1,568000
298 1631555575 2,800000 -1,000000 2,800000 2,800000 1,568000
298 1631555574 2,800000 -1,000000 2,800000 2,800000 1,568000
298 1631555573 2,800000 -1,000000 2,800000 2,800000 1,568000
298 1631555572 2,800000 -1,000000 2,800000 2,800000 1,568000
298 1631555571 3,400000 -1,000000 3,400000 3,400000 2,312000
298 1631555570 3,400000 -1,000000 3,400000 3,400000 2,312000
298 1631555569 3,400000 -1,000000 3,400000 3,400000 2,312000
298 1631555568 3,400000 -1,000000 3,400000 3,400000 2,312000
298 1631555567 3,400000 -1,000000 3,400000 3,400000 2,312000
298 1631555566 3,000000 -1,000000 3,000000 3,000000 1,800000
298 1631555565 3,000000 -1,000000 3,000000 3,000000 1,800000
298 1631555564 3,000000 -1,000000 3,000000 3,000000 1,800000
298 1631555563 3,000000 -1,000000 3,000000 3,000000 1,800000
298 1631555562 3,000000 -1,000000 3,000000 3,000000 1,800000
298 1631555561 4,200000 -1,000000 4,200000 4,200000 3,528000
298 1631555561 4,200000 -1,000000 -101,000000 0,000000 0,000000
298 1631555562 3,000000 -1,000000 -101,000000 0,000000 0,000000
298 1631555563 3,000000 -1,000000 -101,000000 0,000000 0,000000
298 1631555564 3,000000 -1,000000 -101,000000 0,000000 0,000000
298 1631555565 3,000000 -1,000000 -101,000000 0,000000 0,000000
298 1631555566 3,000000 -1,000000 -101,000000 0,000000 0,000000
298 1631555567 3,400000 -1,000000 -101,000000 0,000000 0,000000
298 1631555568 3,400000 -1,000000 -101,000000 0,000000 0,000000
298 1631555569 3,400000 -1,000000 -101,000000 0,000000 0,000000
298 1631555570 3,400000 -1,000000 -101,000000 0,000000 0,000000
298 1631555571 3,400000 -1,000000 -101,000000 0,000000 0,000000
298 1631555572 2,800000 -1,000000 -101,000000 0,000000 0,000000
298 1631555573 2,800000 -1,000000 -101,000000 0,000000 0,000000
298 1631555574 2,800000 -1,000000 -101,000000 0,000000 0,000000
298 1631555575 2,800000 -1,000000 -101,000000 0,000000 0,000000
298 1631555576 2,800000 -1,000000 -101,000000 0,000000 0,000000
298 1631555577 4,000000 -1,000000 -101,000000 0,000000 0,000000
298 1631555578 4,000000 -1,000000 -101,000000 0,000000 0,000000
298 1631555579 4,000000 -1,000000 -101,000000 0,000000 0,000000
298 1631555580 4,000000 -1,000000 -101,000000 0,000000 0,000000
298 1631555581 4,000000 -1,000000 -101,000000 0,000000 0,000000
298 1631555582 4,200000 -1,000000 -101,000000 0,000000 0,000000
298 1631555583 4,200000 -1,000000 -101,000000 0,000000 0,000000
298 1631555584 4,200000 -1,000000 -101,000000 0,000000 0,000000
298 1631555585 4,200000 -1,000000 -101,000000 0,000000 0,000000
298 1631555586 4,200000 -1,000000 -101,000000 0,000000 0,000000
298 1631555587 3,000000 -1,000000 -101,000000 0,000000 0,000000
298 1631555588 3,000000 -1,000000 -101,000000 0,000000 0,000000
298 1631555589 3,000000 -1,000000 -101,000000 0,000000 0,000000
298 1631555590 3,000000 -1,000000 -101,000000 0,000000 0,000000
298 1631555591 3,000000 -1,000000 -101,000000 0,000000 0,000000
298 1631555592 3,400000 -1,000000 -101,000000 0,000000 0,000000
298 1631555593 3,400000 -1,000000 -101,000000 0,000000 0,000000
298 1631555594 3,400000 -1,000000 -101,000000 0,000000 0,000000
298 1631555595 3,400000 -1,000000 -101,000000 0,000000 0,000000
298 1631555596 3,400000 -1,000000 -101,000000 0,000000 0,000000
298 1631555597 3,000000 -1,000000 -101,000000 0,000000 0,000000
298 1631555598 3,000000 -1,000000 -101,000000 0,000000 0,000000
298 1631555599 3,000000 -1,000000 -101,000000 0,000000 0,000000
298 1631555600 3,000000 -1,000000 -101,000000 0,000000 0,000000
298 1631555601 3,000000 -1,000000 -101,000000 0,000000 0,000000
298 1631555602 3,400000 -1,000000 -101,000000 0,000000 0,000000
298 1631555603 3,400000 -1,000000 -101,000000 0,000000 0,000000
298 1631555604 3,400000 -1,000000 -101,000000 0,000000 0,000000
298 1631555605 3,400000 -1,000000 -101,000000 0,000000 0,000000
298 1631555606 3,400000 -1,000000 -101,000000 0,000000 0,000000
298 1631555607 3,600000 -1,000000 -101,000000 0,000000 0,000000
298 1631555608 3,600000 -1,000000 -101,000000 0,000000 0,000000
298 1631555609 3,600000 -1,000000 -101,000000 0,000000 0,000000
298 1631555610 3,600000 -1,000000 -101,000000 0,000000 0,000000
298 1631555611 3,600000 -1,000000 -101,000000 0,000000 0,000000
298 1631555612 3,000000 -1,000000 -101,000000 0,000000 0,000000
298 1631555613 3,000000 -1,000000 -101,000000 0,000000 0,000000
298 1631555614 3,000000 -1,000000 -101,000000 0,000000 0,000000
298 1631555615 3,000000 -1,000000 -101,000000 0,000000 0,000000
298 1631555616 3,000000 -1,000000 -101,000000 0,000000 0,000000
298 1631555617 3,400000 -1,000000 -101,000000 0,000000 0,000000
298 1631555618 3,400000 -1,000000 -101,000000 0,000000 0,000000
298 1631555619 3,400000 -1,000000 -101,000000 0,000000 0,000000
298 1631555620 3,400000 -1,000000 -101,000000 0,000000 0,000000
298 1631555621 3,400000 -1,000000 -101,000000 0,000000 0,000000
298 1631555622 4,400000 -1,000000 -101,000000 0,000000 0,000000
298 1631555623 4,400000 -1,000000 -101,000000 0,000000 0,000000
298 1631555624 4,400000 -1,000000 -101,000000 0,000000 0,000000
298 1631555625 4,400000 -1,000000 -101,000000 0,000000 0,000000
298 1631555626 4,400000 -1,000000 -101,000000 0,000000 0,000000
298 1631555627 3,000000 -1,000000 -101,000000 0,000000 0,000000
298 1631555628 3,000000 -1,000000 -101,000000 0,000000 0,000000
298 1631555629 3,000000 -1,000000 -101,000000 0,000000 0,000000
298 1631555630 3,000000 -1,000000 -101,000000 0,000000 0,000000
298 1631555631 3,000000 -1,000000 -101,000000 0,000000 0,000000
298 1631555632 3,200000 -1,000000 -101,000000 0,000000 0,000000
298 1631555633 3,200000 -1,000000 -101,000000 0,000000 0,000000
298 1631555634 3,200000 -1,000000 -101,000000 0,000000 0,000000
298 1631555635 3,200000 -1,000000 -101,000000 0,000000 0,000000
298 1631555636 3,200000 -1,000000 -101,000000 0,000000 0,000000
298 1631555637 2,200000 -1,000000 -101,000000 0,000000 0,000000
298 1631555638 2,200000 -1,000000 -101,000000 0,000000 0,000000
298 1631555639 2,200000 -1,000000 -101,000000 0,000000 0,000000
298 1631555640 2,200000 -1,000000 -101,000000 0,000000 0,000000
298 1631555641 2,200000 -1,000000 -101,000000 0,000000 0,000000
298 1631555642 4,400000 -1,000000 -101,000000 0,000000 0,000000
298 1631555643 4,400000 -1,000000 -101,000000 0,000000 0,000000
298 1631555644 4,400000 -1,000000 -101,000000 0,000000 0,000000
298 1631555645 4,400000 -1,000000 -101,000000 0,000000 0,000000
298 1631555646 4,400000 -1,000000 -101,000000 0,000000 0,000000
298 1631555647 3,600000 -1,000000 -101,000000 0,000000 0,000000
298 1631555648 3,600000 -1,000000 -101,000000 0,000000 0,000000
298 1631555649 3,600000 -1,000000 -101,000000 0,000000 0,000000
298 1631555650 3,600000 -1,000000 -101,000000 0,000000 0,000000
298 1631555651 3,600000 -1,000000 -101,000000 0,000000 0,000000
298 1631555652 3,400000 -1,000000 -101,000000 0,000000 0,000000
298 1631555653 3,400000 -1,000000 -101,000000 0,000000 0,000000
298 1631555654 3,400000 -1,000000 -101,000000 0,000000 0,000000
298 1631555655 3,400000 -1,000000 -101,000000 0,000000 0,000000
298 1631555656 3,400000 -1,000000 -101,000000 0,000000 0,000000
298 1631555657 3,000000 -1,000000 -101,000000 0,000000 0,000000
298 1631555658 3,000000 -1,000000 -101,000000 0,000000 0,000000
298 1631555659 3,000000 -1,000000 -101,000000 0,000000 0,000000
298 1631555660 3,000000 -1,000000 -101,000000 0,000000 0,000000
298 1631555661 3,000000 -1,000000 -101,000000 0,000000 0,000000
298 1631555662 2,400000 -1,000000 -101,000000 0,000000 0,000000
298 1631555663 2,400000 -1,000000 -101,000000 0,000000 0,000000
298 1631555664 2,400000 -1,000000 -101,000000 0,000000 0,000000
298 1631555665 2,400000 -1,000000 -101,000000 0,000000 0,000000
298 1631555666 2,400000 -1,000000 -101,000000 0,000000 0,000000
298 1631555667 4,800000 -1,000000 -101,000000 0,000000 0,000000
298 1631555668 4,800000 -1,000000 -101,000000 0,000000 0,000000
298 1631555669 4,800000 -1,000000 -101,000000 0,000000 0,000000
298 1631555670 4,800000 -1,000000 -101,000000 0,000000 0,000000
298 1631555671 4,800000 -1,000000 -101,000000 0,000000 0,000000
298 1631555672 3,000000 -1,000000 -101,000000 0,000000 0,000000
298 1631555673 3,000000 -1,000000 -101,000000 0,000000 0,000000
298 1631555674 3,000000 -1,000000 -101,000000 0,000000 0,000000
298 1631555675 3,000000 -1,000000 -101,000000 0,000000 0,000000
298 1631555676 3,000000 -1,000000 -101,000000 0,000000 0,000000
298 1631555677 3,600000 -1,000000 -101,000000 0,000000 0,000000
298 1631555678 3,600000 -1,000000 -101,000000 0,000000 0,000000
298 1631555679 3,600000 -1,000000 -101,000000 0,000000 0,000000
298 1631555680 3,600000 -1,000000 -101,000000 0,000000 0,000000
298 1631555681 3,600000 -1,000000 -101,000000 0,000000 0,000000
298 1631555682 2,400000 -1,000000 -101,000000 0,000000 0,000000
298 1631555683 2,400000 -1,000000 -101,000000 0,000000 0,000000
298 1631555684 2,400000 -1,000000 -101,000000 0,000000 0,000000
298 1631555685 2,400000 -1,000000 -101,000000 0,000000 0,000000
298 1631555686 2,400000 -1,000000 -101,000000 0,000000 0,000000
298 1631555687 3,600000 -1,000000 -101,000000 0,000000 0,000000
298 1631555688 3,600000 -1,000000 -101,000000 0,000000 0,000000
298 1631555689 3,600000 -1,000000 -101,000000 0,000000 0,000000
298 1631555690 3,600000 -1,000000 -101,000000 0,000000 0,000000
298 1631555691 3,600000 -1,000000 -101,000000 0,000000 0,000000
298 1631555692 4,600000 -1,000000 -101,000000 0,000000 0,000000
298 1631555693 4,600000 -1,000000 -101,000000 0,000000 0,000000
298 1631555694 4,600000 -1,000000 -101,000000 0,000000 0,000000
298 1631555695 4,600000 -1,000000 -101,000000 0,000000 0,000000
298 1631555696 4,600000 -1,000000 -101,000000 0,000000 0,000000
298 1631555697 3,000000 -1,000000 -101,000000 0,000000 0,000000
298 1631555698 3,000000 -1,000000 -101,000000 0,000000 0,000000
298 1631555699 3,000000 -1,000000 -101,000000 0,000000 0,000000
298 1631555700 3,000000 -1,000000 -101,000000 0,000000 0,000000
298 1631555763 2,000000 -1,000000 2,000000 2,000000 0,800000
298 1631555762 2,000000 -1,000000 2,000000 2,000000 0,800000
298 1631555761 0,400000 -1,000000 0,400000 0,400000 0,032000
298 1631555760 0,400000 -1,000000 0,400000 0,400000 0,032000
298 1631555759 0,400000 -1,000000 0,400000 0,400000 0,032000
298 1631555758 0,400000 -1,000000 0,400000 0,400000 0,032000
298 1631555757 0,400000 -1,000000 0,400000 0,400000 0,032000
298 1631555756 0,400000 -1,000000 0,400000 0,400000 0,032000
298 1631555755 0,400000 -1,000000 0,400000 0,400000 0,032000
298 1631555754 0,400000 -1,000000 0,400000 0,400000 0,032000
298 1631555753 0,400000 -1,000000 0,400000 0,400000 0,032000
298 1631555752 0,400000 -1,000000 0,400000 0,400000 0,032000
298 1631555751 0,200000 -1,000000 0,200000 0,200000 0,008000
298 1631555750 0,200000 -1,000000 0,200000 0,200000 0,008000
298 1631555749 0,200000 -1,000000 0,200000 0,200000 0,008000
298 1631555748 0,200000 -1,000000 0,200000 0,200000 0,008000
298 1631555747 0,200000 -1,000000 0,200000 0,200000 0,008000
298 1631555746 1,400000 -1,000000 1,400000 1,400000 0,392000
298 1631555745 1,400000 -1,000000 1,400000 1,400000 0,392000
298 1631555744 1,400000 -1,000000 1,400000 1,400000 0,392000
298 1631555743 1,400000 -1,000000 1,400000 1,400000 0,392000
298 1631555742 1,400000 -1,000000 1,400000 1,400000 0,392000
298 1631555741 1,200000 -1,000000 1,200000 1,200000 0,288000
298 1631555740 1,200000 -1,000000 1,200000 1,200000 0,288000
298 1631555739 1,200000 -1,000000 1,200000 1,200000 0,288000
298 1631555738 1,200000 -1,000000 1,200000 1,200000 0,288000
298 1631555737 1,200000 -1,000000 1,200000 1,200000 0,288000
298 1631555736 1,200000 -1,000000 1,200000 1,200000 0,288000
298 1631555735 1,200000 -1,000000 1,200000 1,200000 0,288000
298 1631555734 1,200000 -1,000000 1,200000 1,200000 0,288000
298 1631555733 1,200000 -1,000000 1,200000 1,200000 0,288000
298 1631555732 1,200000 -1,000000 1,200000 1,200000 0,288000
298 1631555731 3,800000 -1,000000 3,800000 3,800000 2,888000
298 1631555730 3,800000 -1,000000 3,800000 3,800000 2,888000
298 1631555729 3,800000 -1,000000 3,800000 3,800000 2,888000
298 1631555728 3,800000 -1,000000 3,800000 3,800000 2,888000
298 1631555727 3,800000 -1,000000 3,800000 3,800000 2,888000
298 1631555726 1,400000 -1,000000 1,400000 1,400000 0,392000
298 1631555725 1,400000 -1,000000 1,400000 1,400000 0,392000
298 1631555724 1,400000 -1,000000 1,400000 1,400000 0,392000
298 1631555723 1,400000 -1,000000 1,400000 1,400000 0,392000
298 1631555722 1,400000 -1,000000 1,400000 1,400000 0,392000
298 1631555721 2,600000 -1,000000 2,600000 2,600000 1,352000
298 1631555720 2,600000 -1,000000 2,600000 2,600000 1,352000
298 1631555719 2,600000 -1,000000 2,600000 2,600000 1,352000
298 1631555718 2,600000 -1,000000 2,600000 2,600000 1,352000
298 1631555717 2,600000 -1,000000 2,600000 2,600000 1,352000
298 1631555716 2,400000 -1,000000 2,400000 2,400000 1,152000
298 1631555715 2,400000 -1,000000 2,400000 2,400000 1,152000
298 1631555714 2,400000 -1,000000 2,400000 2,400000 1,152000
298 1631555713 2,400000 -1,000000 2,400000 2,400000 1,152000
298 1631555712 2,400000 -1,000000 2,400000 2,400000 1,152000
298 1631555711 2,800000 -1,000000 2,800000 2,800000 1,568000
298 1631555710 2,800000 -1,000000 2,800000 2,800000 1,568000
298 1631555709 2,800000 -1,000000 2,800000 2,800000 1,568000
298 1631555708 2,800000 -1,000000 2,800000 2,800000 1,568000
298 1631555707 2,800000 -1,000000 2,800000 2,800000 1,568000
298 1631555706 4,000000 -1,000000 4,000000 4,000000 3,200000
298 1631555705 4,000000 -1,000000 4,000000 4,000000 3,200000
298 1631555704 4,000000 -1,000000 4,000000 4,000000 3,200000
298 1631555703 4,000000 -1,000000 4,000000 4,000000 3,200000
298 1631555702 4,000000 -1,000000 4,000000 4,000000 3,200000
298 1631555701 3,000000 -1,000000 3,000000 3,000000 1,800000
